# Total zoom 20.0, total x-zoom 8.0, total y-zoom 1.8
# i 	|		 t 	|	 MEtot	|	 dMEtot 	|	 KEtot	|	 dKEtot 	|	 Pdvtot 	|	 dTEtot 	|	 Etot
180	,	1.80005e-01,	1.00533e-05,	3.30238e-08	,	1.30525e-05	,	-1.27170e-07	,	3.34294e-03	,	-2.24808e-06	,	3.36605e-03
181	,	1.81022e-01,	1.01058e-05,	3.78333e-08	,	1.32397e-05	,	-1.41362e-07	,	3.33486e-03	,	-2.61444e-06	,	3.35820e-03
182	,	1.82037e-01,	1.01632e-05,	4.00339e-08	,	1.34204e-05	,	-1.44784e-07	,	3.32659e-03	,	-2.77263e-06	,	3.35017e-03
183	,	1.83051e-01,	1.02258e-05,	4.23736e-08	,	1.35944e-05	,	-1.48038e-07	,	3.31815e-03	,	-2.91122e-06	,	3.34197e-03
184	,	1.84064e-01,	1.02936e-05,	4.48490e-08	,	1.37617e-05	,	-1.51123e-07	,	3.30956e-03	,	-3.03121e-06	,	3.33362e-03
185	,	1.85075e-01,	1.03668e-05,	4.74554e-08	,	1.39222e-05	,	-1.54038e-07	,	3.30085e-03	,	-3.13383e-06	,	3.32514e-03
186	,	1.86008e-01,	1.04394e-05,	4.61264e-08	,	1.40643e-05	,	-1.44525e-07	,	3.29272e-03	,	-2.96680e-06	,	3.31722e-03
187	,	1.87016e-01,	1.05234e-05,	5.28165e-08	,	1.42114e-05	,	-1.59167e-07	,	3.28381e-03	,	-3.28682e-06	,	3.30855e-03
188	,	1.88024e-01,	1.06133e-05,	5.57781e-08	,	1.43516e-05	,	-1.61596e-07	,	3.27483e-03	,	-3.34536e-06	,	3.29980e-03
189	,	1.89030e-01,	1.07092e-05,	5.88523e-08	,	1.44846e-05	,	-1.63871e-07	,	3.26579e-03	,	-3.39100e-06	,	3.29099e-03
190	,	1.90034e-01,	1.08112e-05,	6.20393e-08	,	1.46105e-05	,	-1.65997e-07	,	3.25671e-03	,	-3.42437e-06	,	3.28213e-03
191	,	1.91037e-01,	1.09195e-05,	6.53342e-08	,	1.47291e-05	,	-1.67972e-07	,	3.24759e-03	,	-3.44633e-06	,	3.27324e-03
192	,	1.92039e-01,	1.10341e-05,	6.87376e-08	,	1.48406e-05	,	-1.69783e-07	,	3.23845e-03	,	-3.45709e-06	,	3.26433e-03
193	,	1.93039e-01,	1.11553e-05,	7.22517e-08	,	1.49449e-05	,	-1.71423e-07	,	3.22931e-03	,	-3.45671e-06	,	3.25541e-03
194	,	1.94037e-01,	1.12831e-05,	7.58690e-08	,	1.50421e-05	,	-1.72893e-07	,	3.22017e-03	,	-3.44626e-06	,	3.24649e-03
195	,	1.95034e-01,	1.14176e-05,	7.95965e-08	,	1.51323e-05	,	-1.74194e-07	,	3.21105e-03	,	-3.42551e-06	,	3.23760e-03
196	,	1.96029e-01,	1.15591e-05,	8.34297e-08	,	1.52158e-05	,	-1.75330e-07	,	3.20195e-03	,	-3.39539e-06	,	3.22873e-03
197	,	1.97023e-01,	1.17077e-05,	8.73656e-08	,	1.52926e-05	,	-1.76313e-07	,	3.19290e-03	,	-3.35681e-06	,	3.21990e-03
198	,	1.98016e-01,	1.18633e-05,	9.14016e-08	,	1.53627e-05	,	-1.77152e-07	,	3.18389e-03	,	-3.31060e-06	,	3.21112e-03
199	,	1.99006e-01,	1.20263e-05,	9.55368e-08	,	1.54263e-05	,	-1.77849e-07	,	3.17494e-03	,	-3.25726e-06	,	3.20239e-03
200	,	2.00071e-01,	1.22101e-05,	1.07813e-07	,	1.54874e-05	,	-1.92183e-07	,	3.16537e-03	,	-3.43763e-06	,	3.19307e-03
201	,	2.01059e-01,	1.23886e-05,	1.04451e-07	,	1.55375e-05	,	-1.78867e-07	,	3.15657e-03	,	-3.12488e-06	,	3.18449e-03
202	,	2.02045e-01,	1.25748e-05,	1.08899e-07	,	1.55813e-05	,	-1.79165e-07	,	3.14784e-03	,	-3.05168e-06	,	3.17599e-03
203	,	2.03029e-01,	1.27688e-05,	1.13449e-07	,	1.56189e-05	,	-1.79332e-07	,	3.13920e-03	,	-2.97254e-06	,	3.16759e-03
204	,	2.04012e-01,	1.29708e-05,	1.18096e-07	,	1.56506e-05	,	-1.79370e-07	,	3.13065e-03	,	-2.88823e-06	,	3.15928e-03
205	,	2.05068e-01,	1.31973e-05,	1.32701e-07	,	1.56782e-05	,	-1.93074e-07	,	3.12156e-03	,	-3.00648e-06	,	3.15044e-03
206	,	2.06048e-01,	1.34161e-05,	1.28073e-07	,	1.56979e-05	,	-1.79059e-07	,	3.11323e-03	,	-2.69687e-06	,	3.14235e-03
207	,	2.07026e-01,	1.36433e-05,	1.33031e-07	,	1.57121e-05	,	-1.78738e-07	,	3.10501e-03	,	-2.59791e-06	,	3.13437e-03
208	,	2.08002e-01,	1.38789e-05,	1.38089e-07	,	1.57210e-05	,	-1.78322e-07	,	3.09691e-03	,	-2.49521e-06	,	3.12651e-03
209	,	2.09051e-01,	1.41422e-05,	1.54707e-07	,	1.57248e-05	,	-1.91458e-07	,	3.08832e-03	,	-2.56403e-06	,	3.11819e-03
210	,	2.10025e-01,	1.43958e-05,	1.48915e-07	,	1.57233e-05	,	-1.77166e-07	,	3.08047e-03	,	-2.27103e-06	,	3.11059e-03
211	,	2.11071e-01,	1.46788e-05,	1.66605e-07	,	1.57164e-05	,	-1.90014e-07	,	3.07217e-03	,	-2.31550e-06	,	3.10256e-03
212	,	2.12041e-01,	1.49509e-05,	1.60161e-07	,	1.57055e-05	,	-1.75706e-07	,	3.06459e-03	,	-2.03593e-06	,	3.09524e-03
213	,	2.13009e-01,	1.52321e-05,	1.65720e-07	,	1.56907e-05	,	-1.74951e-07	,	3.05714e-03	,	-1.92071e-06	,	3.08806e-03
214	,	2.14051e-01,	1.55453e-05,	1.85042e-07	,	1.56706e-05	,	-1.87477e-07	,	3.04927e-03	,	-1.93288e-06	,	3.08049e-03
215	,	2.15016e-01,	1.58458e-05,	1.77579e-07	,	1.56482e-05	,	-1.73166e-07	,	3.04211e-03	,	-1.67505e-06	,	3.07360e-03
216	,	2.16055e-01,	1.61800e-05,	1.98058e-07	,	1.56199e-05	,	-1.85312e-07	,	3.03455e-03	,	-1.66179e-06	,	3.06635e-03
217	,	2.17018e-01,	1.65004e-05,	1.89874e-07	,	1.55897e-05	,	-1.70949e-07	,	3.02769e-03	,	-1.41792e-06	,	3.05978e-03
218	,	2.18053e-01,	1.68563e-05,	2.11535e-07	,	1.55531e-05	,	-1.82736e-07	,	3.02046e-03	,	-1.38008e-06	,	3.05286e-03
219	,	2.19013e-01,	1.71970e-05,	2.02584e-07	,	1.55154e-05	,	-1.68459e-07	,	3.01389e-03	,	-1.15398e-06	,	3.04661e-03
220	,	2.20045e-01,	1.75751e-05,	2.25439e-07	,	1.54712e-05	,	-1.80009e-07	,	3.00699e-03	,	-1.09508e-06	,	3.04004e-03
221	,	2.21003e-01,	1.79367e-05,	2.15676e-07	,	1.54272e-05	,	-1.65927e-07	,	3.00074e-03	,	-8.89910e-07	,	3.03410e-03
222	,	2.22033e-01,	1.83376e-05,	2.39746e-07	,	1.53769e-05	,	-1.77283e-07	,	2.99417e-03	,	-8.11618e-07	,	3.02788e-03
223	,	2.23062e-01,	1.87504e-05,	2.47321e-07	,	1.53236e-05	,	-1.75849e-07	,	2.98777e-03	,	-6.65052e-07	,	3.02184e-03
224	,	2.24016e-01,	1.91446e-05,	2.36262e-07	,	1.52718e-05	,	-1.62032e-07	,	2.98198e-03	,	-4.91472e-07	,	3.01640e-03
225	,	2.25042e-01,	1.95809e-05,	2.62214e-07	,	1.52134e-05	,	-1.73048e-07	,	2.97591e-03	,	-3.83884e-07	,	3.01070e-03
226	,	2.26068e-01,	2.00295e-05,	2.70072e-07	,	1.51528e-05	,	-1.71607e-07	,	2.97000e-03	,	-2.39876e-07	,	3.00518e-03
227	,	2.27019e-01,	2.04572e-05,	2.57619e-07	,	1.50946e-05	,	-1.58134e-07	,	2.96467e-03	,	-1.00376e-07	,	3.00022e-03
228	,	2.28042e-01,	2.09299e-05,	2.85460e-07	,	1.50304e-05	,	-1.68956e-07	,	2.95908e-03	,	3.10949e-08	,	2.99504e-03
229	,	2.29065e-01,	2.14153e-05,	2.93548e-07	,	1.49648e-05	,	-1.67660e-07	,	2.95365e-03	,	1.67534e-07	,	2.99003e-03
230	,	2.30014e-01,	2.18773e-05,	2.79603e-07	,	1.49029e-05	,	-1.54580e-07	,	2.94875e-03	,	2.71480e-07	,	2.98553e-03
231	,	2.31035e-01,	2.23871e-05,	3.09338e-07	,	1.48351e-05	,	-1.65184e-07	,	2.94362e-03	,	4.25678e-07	,	2.98084e-03
232	,	2.32056e-01,	2.29098e-05,	3.17620e-07	,	1.47660e-05	,	-1.63865e-07	,	2.93865e-03	,	5.58043e-07	,	2.97633e-03
233	,	2.33004e-01,	2.34066e-05,	3.02111e-07	,	1.47006e-05	,	-1.51030e-07	,	2.93417e-03	,	6.30538e-07	,	2.97228e-03
234	,	2.34024e-01,	2.39541e-05,	3.33715e-07	,	1.46292e-05	,	-1.61431e-07	,	2.92949e-03	,	8.05122e-07	,	2.96807e-03
235	,	2.35044e-01,	2.45145e-05,	3.42092e-07	,	1.45573e-05	,	-1.60344e-07	,	2.92495e-03	,	9.25704e-07	,	2.96402e-03
236	,	2.36063e-01,	2.50878e-05,	3.50488e-07	,	1.44851e-05	,	-1.59335e-07	,	2.92054e-03	,	1.04231e-06	,	2.96012e-03
237	,	2.37010e-01,	2.56317e-05,	3.32712e-07	,	1.44178e-05	,	-1.47072e-07	,	2.91657e-03	,	1.06710e-06	,	2.95662e-03
238	,	2.38030e-01,	2.62298e-05,	3.66733e-07	,	1.43447e-05	,	-1.57339e-07	,	2.91243e-03	,	1.26278e-06	,	2.95300e-03
239	,	2.39050e-01,	2.68408e-05,	3.75150e-07	,	1.42708e-05	,	-1.56355e-07	,	2.90841e-03	,	1.37224e-06	,	2.94952e-03
240	,	2.40070e-01,	2.74645e-05,	3.83536e-07	,	1.41968e-05	,	-1.55513e-07	,	2.90452e-03	,	1.47554e-06	,	2.94618e-03
241	,	2.41018e-01,	2.80550e-05,	3.63354e-07	,	1.41282e-05	,	-1.43771e-07	,	2.90100e-03	,	1.45507e-06	,	2.94318e-03
242	,	2.42040e-01,	2.87031e-05,	3.99624e-07	,	1.40543e-05	,	-1.54104e-07	,	2.89732e-03	,	1.66274e-06	,	2.94008e-03
243	,	2.43063e-01,	2.93637e-05,	4.07909e-07	,	1.39801e-05	,	-1.53393e-07	,	2.89376e-03	,	1.75543e-06	,	2.93710e-03
244	,	2.44013e-01,	2.99881e-05,	3.85880e-07	,	1.39110e-05	,	-1.41910e-07	,	2.89053e-03	,	1.70560e-06	,	2.93443e-03
245	,	2.45038e-01,	3.06723e-05,	4.23704e-07	,	1.38367e-05	,	-1.52315e-07	,	2.88716e-03	,	1.91897e-06	,	2.93167e-03
246	,	2.46065e-01,	3.13686e-05,	4.31795e-07	,	1.37624e-05	,	-1.51855e-07	,	2.88387e-03	,	1.99766e-06	,	2.92900e-03
247	,	2.47020e-01,	3.20258e-05,	4.07894e-07	,	1.36933e-05	,	-1.40640e-07	,	2.88090e-03	,	1.92034e-06	,	2.92661e-03
248	,	2.48050e-01,	3.27449e-05,	4.47177e-07	,	1.36190e-05	,	-1.51088e-07	,	2.87777e-03	,	2.13908e-06	,	2.92413e-03
249	,	2.49009e-01,	3.34228e-05,	4.22042e-07	,	1.35502e-05	,	-1.40087e-07	,	2.87493e-03	,	2.04369e-06	,	2.92191e-03
250	,	2.50044e-01,	3.41639e-05,	4.62235e-07	,	1.34765e-05	,	-1.50672e-07	,	2.87195e-03	,	2.26287e-06	,	2.91959e-03
251	,	2.51008e-01,	3.48619e-05,	4.35887e-07	,	1.34082e-05	,	-1.39849e-07	,	2.86923e-03	,	2.15078e-06	,	2.91750e-03
252	,	2.52050e-01,	3.56242e-05,	4.76951e-07	,	1.33344e-05	,	-1.50642e-07	,	2.86636e-03	,	2.36689e-06	,	2.91532e-03
253	,	2.53021e-01,	3.63415e-05,	4.49416e-07	,	1.32655e-05	,	-1.40075e-07	,	2.86374e-03	,	2.23695e-06	,	2.91335e-03
254	,	2.54071e-01,	3.71241e-05,	4.91354e-07	,	1.31904e-05	,	-1.51142e-07	,	2.86095e-03	,	2.44916e-06	,	2.91127e-03
255	,	2.55050e-01,	3.78600e-05,	4.62699e-07	,	1.31197e-05	,	-1.40724e-07	,	2.85840e-03	,	2.30629e-06	,	2.90938e-03
256	,	2.56034e-01,	3.86046e-05,	4.69018e-07	,	1.30477e-05	,	-1.41159e-07	,	2.85586e-03	,	2.33530e-06	,	2.90751e-03
257	,	2.57024e-01,	3.93576e-05,	4.75275e-07	,	1.29744e-05	,	-1.41661e-07	,	2.85335e-03	,	2.36183e-06	,	2.90568e-03
258	,	2.58019e-01,	4.01187e-05,	4.81434e-07	,	1.28997e-05	,	-1.42232e-07	,	2.85084e-03	,	2.38531e-06	,	2.90386e-03
259	,	2.59020e-01,	4.08876e-05,	4.87403e-07	,	1.28237e-05	,	-1.42871e-07	,	2.84835e-03	,	2.40453e-06	,	2.90206e-03
260	,	2.60026e-01,	4.16617e-05,	4.91966e-07	,	1.27463e-05	,	-1.43232e-07	,	2.84587e-03	,	2.41370e-06	,	2.90028e-03
261	,	2.61034e-01,	4.24393e-05,	4.95430e-07	,	1.26676e-05	,	-1.43394e-07	,	2.84340e-03	,	2.41509e-06	,	2.89851e-03
262	,	2.62044e-01,	4.32194e-05,	4.98373e-07	,	1.25873e-05	,	-1.43512e-07	,	2.84094e-03	,	2.41227e-06	,	2.89674e-03
263	,	2.63057e-01,	4.40009e-05,	5.00838e-07	,	1.25054e-05	,	-1.43597e-07	,	2.83847e-03	,	2.40577e-06	,	2.89498e-03
264	,	2.64071e-01,	4.47823e-05,	5.02349e-07	,	1.24219e-05	,	-1.43511e-07	,	2.83602e-03	,	2.39371e-06	,	2.89322e-03
265	,	2.65006e-01,	4.55005e-05,	4.63263e-07	,	1.23437e-05	,	-1.31996e-07	,	2.83376e-03	,	2.19045e-06	,	2.89160e-03
266	,	2.66016e-01,	4.62743e-05,	5.00961e-07	,	1.22577e-05	,	-1.42450e-07	,	2.83131e-03	,	2.34775e-06	,	2.88985e-03
267	,	2.67025e-01,	4.70429e-05,	4.99640e-07	,	1.21703e-05	,	-1.41941e-07	,	2.82888e-03	,	2.31872e-06	,	2.88809e-03
268	,	2.68032e-01,	4.78054e-05,	4.97913e-07	,	1.20812e-05	,	-1.41475e-07	,	2.82644e-03	,	2.28577e-06	,	2.88632e-03
269	,	2.69038e-01,	4.85612e-05,	4.95800e-07	,	1.19902e-05	,	-1.41015e-07	,	2.82399e-03	,	2.25050e-06	,	2.88455e-03
270	,	2.70042e-01,	4.93093e-05,	4.93364e-07	,	1.18971e-05	,	-1.40513e-07	,	2.82155e-03	,	2.21601e-06	,	2.88275e-03
271	,	2.71044e-01,	5.00489e-05,	4.90580e-07	,	1.18020e-05	,	-1.39959e-07	,	2.81910e-03	,	2.18233e-06	,	2.88095e-03
272	,	2.72046e-01,	5.07792e-05,	4.87276e-07	,	1.17050e-05	,	-1.39380e-07	,	2.81664e-03	,	2.14477e-06	,	2.87912e-03
273	,	2.73046e-01,	5.14993e-05,	4.83517e-07	,	1.16059e-05	,	-1.38790e-07	,	2.81418e-03	,	2.10402e-06	,	2.87728e-03
274	,	2.74044e-01,	5.22085e-05,	4.79420e-07	,	1.15044e-05	,	-1.38175e-07	,	2.81171e-03	,	2.06308e-06	,	2.87543e-03
275	,	2.75041e-01,	5.29058e-05,	4.75041e-07	,	1.14007e-05	,	-1.37510e-07	,	2.80924e-03	,	2.02408e-06	,	2.87355e-03
276	,	2.76037e-01,	5.35906e-05,	4.70459e-07	,	1.12947e-05	,	-1.36790e-07	,	2.80677e-03	,	1.98890e-06	,	2.87166e-03
277	,	2.77032e-01,	5.42619e-05,	4.65638e-07	,	1.11866e-05	,	-1.36038e-07	,	2.80430e-03	,	1.95580e-06	,	2.86975e-03
278	,	2.78026e-01,	5.49192e-05,	4.60448e-07	,	1.10763e-05	,	-1.35261e-07	,	2.80183e-03	,	1.92154e-06	,	2.86783e-03
279	,	2.79018e-01,	5.55616e-05,	4.54958e-07	,	1.09637e-05	,	-1.34429e-07	,	2.79936e-03	,	1.88834e-06	,	2.86589e-03
280	,	2.80009e-01,	5.61886e-05,	4.49199e-07	,	1.08489e-05	,	-1.33536e-07	,	2.79690e-03	,	1.85712e-06	,	2.86393e-03
281	,	2.81074e-01,	5.68457e-05,	4.76785e-07	,	1.07231e-05	,	-1.42737e-07	,	2.79425e-03	,	1.96542e-06	,	2.86182e-03
282	,	2.82063e-01,	5.74385e-05,	4.36516e-07	,	1.06042e-05	,	-1.31574e-07	,	2.79181e-03	,	1.79819e-06	,	2.85985e-03
283	,	2.83050e-01,	5.80139e-05,	4.30100e-07	,	1.04833e-05	,	-1.30559e-07	,	2.78938e-03	,	1.77367e-06	,	2.85788e-03
284	,	2.84036e-01,	5.85713e-05,	4.23503e-07	,	1.03606e-05	,	-1.29486e-07	,	2.78697e-03	,	1.75243e-06	,	2.85590e-03
285	,	2.85021e-01,	5.91103e-05,	4.16776e-07	,	1.02361e-05	,	-1.28375e-07	,	2.78459e-03	,	1.73470e-06	,	2.85393e-03
286	,	2.86005e-01,	5.96303e-05,	4.09878e-07	,	1.01102e-05	,	-1.27235e-07	,	2.78223e-03	,	1.71900e-06	,	2.85197e-03
287	,	2.87064e-01,	6.01685e-05,	4.33276e-07	,	9.97285e-06	,	-1.35644e-07	,	2.77972e-03	,	1.83752e-06	,	2.84986e-03
288	,	2.88046e-01,	6.06476e-05,	3.95220e-07	,	9.84408e-06	,	-1.24696e-07	,	2.77743e-03	,	1.69984e-06	,	2.84792e-03
289	,	2.89027e-01,	6.11063e-05,	3.88031e-07	,	9.71434e-06	,	-1.23404e-07	,	2.77518e-03	,	1.69703e-06	,	2.84600e-03
290	,	2.90007e-01,	6.15444e-05,	3.80747e-07	,	9.58377e-06	,	-1.22081e-07	,	2.77298e-03	,	1.69727e-06	,	2.84411e-03
291	,	2.91061e-01,	6.19925e-05,	4.01573e-07	,	9.44238e-06	,	-1.29887e-07	,	2.77067e-03	,	1.83422e-06	,	2.84211e-03
292	,	2.92039e-01,	6.23864e-05,	3.65516e-07	,	9.31058e-06	,	-1.19184e-07	,	2.76859e-03	,	1.71366e-06	,	2.84029e-03
293	,	2.93015e-01,	6.27583e-05,	3.57843e-07	,	9.17870e-06	,	-1.17649e-07	,	2.76657e-03	,	1.72627e-06	,	2.83850e-03
294	,	2.94064e-01,	6.31338e-05,	3.76424e-07	,	9.03688e-06	,	-1.24871e-07	,	2.76447e-03	,	1.87849e-06	,	2.83664e-03
295	,	2.95037e-01,	6.34593e-05,	3.41847e-07	,	8.90564e-06	,	-1.14337e-07	,	2.76260e-03	,	1.76639e-06	,	2.83496e-03
296	,	2.96008e-01,	6.37621e-05,	3.34198e-07	,	8.77509e-06	,	-1.12703e-07	,	2.76081e-03	,	1.79282e-06	,	2.83335e-03
297	,	2.97052e-01,	6.40628e-05,	3.51125e-07	,	8.63554e-06	,	-1.19447e-07	,	2.75898e-03	,	1.96766e-06	,	2.83168e-03
298	,	2.98020e-01,	6.43183e-05,	3.18460e-07	,	8.50722e-06	,	-1.09218e-07	,	2.75738e-03	,	1.86293e-06	,	2.83021e-03
299	,	2.99061e-01,	6.45679e-05,	3.34349e-07	,	8.37073e-06	,	-1.15645e-07	,	2.75577e-03	,	2.05529e-06	,	2.82871e-03
300	,	3.00025e-01,	6.47758e-05,	3.03070e-07	,	8.24589e-06	,	-1.05661e-07	,	2.75438e-03	,	1.95496e-06	,	2.82740e-03
301	,	3.01063e-01,	6.49739e-05,	3.17888e-07	,	8.11390e-06	,	-1.11788e-07	,	2.75301e-03	,	2.16395e-06	,	2.82610e-03
302	,	3.02025e-01,	6.51339e-05,	2.87927e-07	,	7.99392e-06	,	-1.02049e-07	,	2.75186e-03	,	2.06518e-06	,	2.82498e-03
303	,	3.03060e-01,	6.52805e-05,	3.01864e-07	,	7.86783e-06	,	-1.07850e-07	,	2.75075e-03	,	2.29666e-06	,	2.82390e-03
304	,	3.04019e-01,	6.53928e-05,	2.73277e-07	,	7.75389e-06	,	-9.83556e-08	,	2.74986e-03	,	2.19960e-06	,	2.82300e-03
305	,	3.05051e-01,	6.54880e-05,	2.86225e-07	,	7.63501e-06	,	-1.03844e-07	,	2.74904e-03	,	2.45040e-06	,	2.82217e-03
306	,	3.06009e-01,	6.55526e-05,	2.58923e-07	,	7.52854e-06	,	-9.46122e-08	,	2.74844e-03	,	2.35109e-06	,	2.82152e-03
307	,	3.07038e-01,	6.55966e-05,	2.71023e-07	,	7.41852e-06	,	-9.97767e-08	,	2.74794e-03	,	2.62551e-06	,	2.82096e-03
308	,	3.08067e-01,	6.56141e-05,	2.63339e-07	,	7.31370e-06	,	-9.76511e-08	,	2.74762e-03	,	2.72486e-06	,	2.82055e-03
309	,	3.09021e-01,	6.56069e-05,	2.37997e-07	,	7.22134e-06	,	-8.88361e-08	,	2.74749e-03	,	2.61985e-06	,	2.82032e-03
310	,	3.10048e-01,	6.55738e-05,	2.48854e-07	,	7.12760e-06	,	-9.35373e-08	,	2.74753e-03	,	2.92979e-06	,	2.82023e-03
311	,	3.11000e-01,	6.55197e-05,	2.24752e-07	,	7.04619e-06	,	-8.50089e-08	,	2.74773e-03	,	2.81794e-06	,	2.82030e-03
312	,	3.12026e-01,	6.54364e-05,	2.34827e-07	,	6.96492e-06	,	-8.94027e-08	,	2.74814e-03	,	3.15206e-06	,	2.82054e-03
313	,	3.13050e-01,	6.53272e-05,	2.27682e-07	,	6.89065e-06	,	-8.72431e-08	,	2.74875e-03	,	3.27280e-06	,	2.82097e-03
314	,	3.14001e-01,	6.52029e-05,	2.05401e-07	,	6.82826e-06	,	-7.91355e-08	,	2.74951e-03	,	3.14825e-06	,	2.82154e-03
315	,	3.15025e-01,	6.50444e-05,	2.14319e-07	,	6.76848e-06	,	-8.30346e-08	,	2.75052e-03	,	3.52080e-06	,	2.82234e-03
316	,	3.16048e-01,	6.48606e-05,	2.07490e-07	,	6.71672e-06	,	-8.08298e-08	,	2.75175e-03	,	3.65289e-06	,	2.82333e-03
317	,	3.17071e-01,	6.46518e-05,	2.00746e-07	,	6.67334e-06	,	-7.86184e-08	,	2.75321e-03	,	3.78714e-06	,	2.82453e-03
318	,	3.18020e-01,	6.44355e-05,	1.80618e-07	,	6.64085e-06	,	-7.10831e-08	,	2.75475e-03	,	3.63287e-06	,	2.82583e-03
319	,	3.19042e-01,	6.41788e-05,	1.87825e-07	,	6.61450e-06	,	-7.42997e-08	,	2.75663e-03	,	4.04715e-06	,	2.82742e-03