# i 	|		 MEtot	|	 dMEtot 	|	 KEtot	|	 dKEtot 	|	 Pdvtot 	|	 dTEtot 	|	 Etot
180	,	1.77795e-03	,	2.38691e-06	,	1.68912e-04	,	-6.76878e-07	,	4.93788e-02	,	-1.15076e-05	,	5.13257e-02
181	,	1.77633e-03	,	2.14362e-06	,	1.66417e-04	,	-7.73111e-07	,	4.93311e-02	,	-1.97663e-05	,	5.12738e-02
182	,	1.77423e-03	,	1.73178e-06	,	1.64262e-04	,	-8.04131e-07	,	4.92762e-02	,	-2.65477e-05	,	5.12147e-02
183	,	1.77171e-03	,	1.35087e-06	,	1.62387e-04	,	-8.27923e-07	,	4.92149e-02	,	-3.28097e-05	,	5.11490e-02
184	,	1.76881e-03	,	1.00066e-06	,	1.60739e-04	,	-8.45749e-07	,	4.91476e-02	,	-3.85591e-05	,	5.10772e-02
185	,	1.76555e-03	,	6.80536e-07	,	1.59274e-04	,	-8.58638e-07	,	4.90749e-02	,	-4.38074e-05	,	5.09997e-02
186	,	1.76227e-03	,	3.79430e-07	,	1.58048e-04	,	-8.00167e-07	,	4.90033e-02	,	-4.45078e-05	,	5.09237e-02
187	,	1.75846e-03	,	1.45816e-07	,	1.56824e-04	,	-8.72557e-07	,	4.89215e-02	,	-5.25572e-05	,	5.08368e-02
188	,	1.75440e-03	,	-9.35564e-08	,	1.55680e-04	,	-8.75362e-07	,	4.88357e-02	,	-5.64644e-05	,	5.07458e-02
189	,	1.75013e-03	,	-3.08266e-07	,	1.54591e-04	,	-8.75740e-07	,	4.87463e-02	,	-5.99590e-05	,	5.06511e-02
190	,	1.74567e-03	,	-4.99793e-07	,	1.53535e-04	,	-8.74032e-07	,	4.86538e-02	,	-6.30656e-05	,	5.05530e-02
191	,	1.74106e-03	,	-6.69883e-07	,	1.52496e-04	,	-8.70525e-07	,	4.85585e-02	,	-6.58122e-05	,	5.04520e-02
192	,	1.73631e-03	,	-8.20007e-07	,	1.51458e-04	,	-8.65477e-07	,	4.84607e-02	,	-6.82222e-05	,	5.03485e-02
193	,	1.73146e-03	,	-9.51574e-07	,	1.50411e-04	,	-8.59110e-07	,	4.83610e-02	,	-7.03179e-05	,	5.02428e-02
194	,	1.72651e-03	,	-1.06600e-06	,	1.49345e-04	,	-8.51547e-07	,	4.82594e-02	,	-7.21203e-05	,	5.01353e-02
195	,	1.72149e-03	,	-1.16464e-06	,	1.48253e-04	,	-8.42820e-07	,	4.81564e-02	,	-7.36482e-05	,	5.00262e-02
196	,	1.71641e-03	,	-1.24883e-06	,	1.47127e-04	,	-8.32940e-07	,	4.80523e-02	,	-7.49208e-05	,	4.99158e-02
197	,	1.71130e-03	,	-1.31983e-06	,	1.45964e-04	,	-8.21973e-07	,	4.79472e-02	,	-7.59578e-05	,	4.98045e-02
198	,	1.70616e-03	,	-1.37883e-06	,	1.44760e-04	,	-8.10035e-07	,	4.78415e-02	,	-7.67785e-05	,	4.96924e-02
199	,	1.70101e-03	,	-1.42685e-06	,	1.43512e-04	,	-7.97263e-07	,	4.77353e-02	,	-7.74005e-05	,	4.95798e-02
200	,	1.69545e-03	,	-1.58030e-06	,	1.42118e-04	,	-8.42984e-07	,	4.76206e-02	,	-8.38609e-05	,	4.94582e-02
201	,	1.69030e-03	,	-1.49539e-06	,	1.40778e-04	,	-7.68604e-07	,	4.75142e-02	,	-7.81235e-05	,	4.93452e-02
202	,	1.68517e-03	,	-1.51511e-06	,	1.39393e-04	,	-7.53958e-07	,	4.74078e-02	,	-7.82255e-05	,	4.92324e-02
203	,	1.68007e-03	,	-1.52725e-06	,	1.37967e-04	,	-7.38805e-07	,	4.73017e-02	,	-7.81836e-05	,	4.91197e-02
204	,	1.67499e-03	,	-1.53256e-06	,	1.36499e-04	,	-7.23164e-07	,	4.71961e-02	,	-7.80093e-05	,	4.90076e-02
205	,	1.66957e-03	,	-1.64938e-06	,	1.34874e-04	,	-7.60165e-07	,	4.70829e-02	,	-8.36676e-05	,	4.88874e-02
206	,	1.66459e-03	,	-1.52484e-06	,	1.33327e-04	,	-6.89349e-07	,	4.69786e-02	,	-7.72745e-05	,	4.87765e-02
207	,	1.65965e-03	,	-1.51336e-06	,	1.31746e-04	,	-6.72603e-07	,	4.68751e-02	,	-7.67647e-05	,	4.86665e-02
208	,	1.65477e-03	,	-1.49747e-06	,	1.30134e-04	,	-6.55665e-07	,	4.67726e-02	,	-7.61652e-05	,	4.85575e-02
209	,	1.64957e-03	,	-1.58945e-06	,	1.28367e-04	,	-6.86347e-07	,	4.66632e-02	,	-8.12340e-05	,	4.84412e-02
210	,	1.64482e-03	,	-1.45192e-06	,	1.26701e-04	,	-6.20115e-07	,	4.65628e-02	,	-7.46612e-05	,	4.83343e-02
211	,	1.63977e-03	,	-1.53209e-06	,	1.24883e-04	,	-6.47805e-07	,	4.64561e-02	,	-7.94347e-05	,	4.82207e-02
212	,	1.63515e-03	,	-1.39256e-06	,	1.23176e-04	,	-5.84065e-07	,	4.63582e-02	,	-7.28500e-05	,	4.81165e-02
213	,	1.63060e-03	,	-1.36043e-06	,	1.21453e-04	,	-5.66514e-07	,	4.62617e-02	,	-7.18895e-05	,	4.80138e-02
214	,	1.62578e-03	,	-1.42574e-06	,	1.19583e-04	,	-5.89768e-07	,	4.61594e-02	,	-7.62561e-05	,	4.79047e-02
215	,	1.62138e-03	,	-1.28811e-06	,	1.17838e-04	,	-5.30226e-07	,	4.60658e-02	,	-6.97583e-05	,	4.78050e-02
216	,	1.61672e-03	,	-1.34396e-06	,	1.15952e-04	,	-5.51177e-07	,	4.59667e-02	,	-7.38703e-05	,	4.76993e-02
217	,	1.61248e-03	,	-1.20924e-06	,	1.14199e-04	,	-4.94834e-07	,	4.58762e-02	,	-6.74692e-05	,	4.76029e-02
218	,	1.60799e-03	,	-1.25659e-06	,	1.12311e-04	,	-5.13336e-07	,	4.57805e-02	,	-7.13271e-05	,	4.75008e-02
219	,	1.60390e-03	,	-1.12701e-06	,	1.10561e-04	,	-4.59824e-07	,	4.56934e-02	,	-6.50558e-05	,	4.74078e-02
220	,	1.59958e-03	,	-1.16741e-06	,	1.08683e-04	,	-4.76005e-07	,	4.56013e-02	,	-6.86884e-05	,	4.73095e-02
221	,	1.59564e-03	,	-1.04378e-06	,	1.06948e-04	,	-4.25826e-07	,	4.55174e-02	,	-6.25837e-05	,	4.72200e-02
222	,	1.59148e-03	,	-1.07739e-06	,	1.05093e-04	,	-4.40283e-07	,	4.54290e-02	,	-6.60019e-05	,	4.71255e-02
223	,	1.58741e-03	,	-1.03094e-06	,	1.03254e-04	,	-4.22218e-07	,	4.53424e-02	,	-6.45914e-05	,	4.70331e-02
224	,	1.58371e-03	,	-9.17745e-07	,	1.01563e-04	,	-3.76680e-07	,	4.52637e-02	,	-5.87569e-05	,	4.69490e-02
225	,	1.57980e-03	,	-9.43211e-07	,	9.97610e-05	,	-3.88281e-07	,	4.51809e-02	,	-6.18706e-05	,	4.68604e-02
226	,	1.57597e-03	,	-8.98742e-07	,	9.79825e-05	,	-3.71413e-07	,	4.50999e-02	,	-6.04672e-05	,	4.67739e-02
227	,	1.57248e-03	,	-7.96978e-07	,	9.63537e-05	,	-3.30670e-07	,	4.50265e-02	,	-5.49408e-05	,	4.66953e-02
228	,	1.56880e-03	,	-8.16069e-07	,	9.46252e-05	,	-3.39996e-07	,	4.49492e-02	,	-5.77829e-05	,	4.66126e-02
229	,	1.56520e-03	,	-7.75306e-07	,	9.29249e-05	,	-3.24353e-07	,	4.48738e-02	,	-5.64174e-05	,	4.65319e-02
230	,	1.56192e-03	,	-6.85929e-07	,	9.13730e-05	,	-2.88144e-07	,	4.48054e-02	,	-5.12263e-05	,	4.64587e-02
231	,	1.55845e-03	,	-7.00729e-07	,	8.97322e-05	,	-2.95651e-07	,	4.47335e-02	,	-5.38411e-05	,	4.63817e-02
232	,	1.55506e-03	,	-6.64483e-07	,	8.81237e-05	,	-2.81410e-07	,	4.46635e-02	,	-5.25374e-05	,	4.63067e-02
233	,	1.55196e-03	,	-5.87301e-07	,	8.66598e-05	,	-2.49430e-07	,	4.46001e-02	,	-4.76842e-05	,	4.62387e-02
234	,	1.54869e-03	,	-5.99778e-07	,	8.51166e-05	,	-2.55344e-07	,	4.45335e-02	,	-5.01056e-05	,	4.61673e-02
235	,	1.54548e-03	,	-5.68927e-07	,	8.36086e-05	,	-2.42524e-07	,	4.44686e-02	,	-4.88858e-05	,	4.60977e-02
236	,	1.54233e-03	,	-5.40098e-07	,	8.21361e-05	,	-2.30139e-07	,	4.44054e-02	,	-4.76969e-05	,	4.60299e-02
237	,	1.53946e-03	,	-4.78409e-07	,	8.08011e-05	,	-2.03411e-07	,	4.43482e-02	,	-4.32937e-05	,	4.59685e-02
238	,	1.53641e-03	,	-4.90438e-07	,	7.93985e-05	,	-2.07578e-07	,	4.42882e-02	,	-4.55025e-05	,	4.59040e-02
239	,	1.53341e-03	,	-4.67837e-07	,	7.80326e-05	,	-1.96544e-07	,	4.42298e-02	,	-4.44170e-05	,	4.58412e-02
240	,	1.53046e-03	,	-4.47514e-07	,	7.67036e-05	,	-1.85959e-07	,	4.41729e-02	,	-4.33702e-05	,	4.57800e-02
241	,	1.52776e-03	,	-3.99945e-07	,	7.55027e-05	,	-1.63931e-07	,	4.41214e-02	,	-3.94042e-05	,	4.57247e-02
242	,	1.52489e-03	,	-4.14804e-07	,	7.42454e-05	,	-1.66809e-07	,	4.40674e-02	,	-4.14648e-05	,	4.56665e-02
243	,	1.52205e-03	,	-4.01229e-07	,	7.30254e-05	,	-1.57484e-07	,	4.40148e-02	,	-4.05345e-05	,	4.56099e-02
244	,	1.51945e-03	,	-3.62854e-07	,	7.19257e-05	,	-1.38529e-07	,	4.39672e-02	,	-3.68722e-05	,	4.55585e-02
245	,	1.51668e-03	,	-3.81796e-07	,	7.07774e-05	,	-1.40622e-07	,	4.39172e-02	,	-3.88566e-05	,	4.55046e-02
246	,	1.51394e-03	,	-3.75270e-07	,	6.96663e-05	,	-1.32464e-07	,	4.38685e-02	,	-3.80497e-05	,	4.54521e-02
247	,	1.51141e-03	,	-3.44881e-07	,	6.86679e-05	,	-1.16294e-07	,	4.38244e-02	,	-3.46744e-05	,	4.54045e-02
248	,	1.50871e-03	,	-3.69595e-07	,	6.76285e-05	,	-1.17801e-07	,	4.37781e-02	,	-3.66171e-05	,	4.53544e-02
249	,	1.50622e-03	,	-3.43787e-07	,	6.66969e-05	,	-1.03297e-07	,	4.37361e-02	,	-3.34202e-05	,	4.53090e-02
250	,	1.50356e-03	,	-3.73300e-07	,	6.57298e-05	,	-1.04507e-07	,	4.36919e-02	,	-3.53550e-05	,	4.52612e-02
251	,	1.50109e-03	,	-3.51460e-07	,	6.48658e-05	,	-9.15377e-08	,	4.36519e-02	,	-3.23256e-05	,	4.52178e-02
252	,	1.49844e-03	,	-3.86484e-07	,	6.39720e-05	,	-9.24904e-08	,	4.36097e-02	,	-3.42648e-05	,	4.51721e-02
253	,	1.49598e-03	,	-3.68031e-07	,	6.31764e-05	,	-8.09190e-08	,	4.35715e-02	,	-3.13924e-05	,	4.51306e-02
254	,	1.49333e-03	,	-4.09405e-07	,	6.23570e-05	,	-8.16532e-08	,	4.35311e-02	,	-3.33501e-05	,	4.50868e-02
255	,	1.49087e-03	,	-3.93777e-07	,	6.16313e-05	,	-7.13534e-08	,	4.34945e-02	,	-3.06223e-05	,	4.50470e-02
256	,	1.48840e-03	,	-4.09487e-07	,	6.09399e-05	,	-6.70997e-08	,	4.34585e-02	,	-3.03088e-05	,	4.50078e-02
257	,	1.48592e-03	,	-4.27366e-07	,	6.02835e-05	,	-6.30627e-08	,	4.34232e-02	,	-3.00315e-05	,	4.49694e-02
258	,	1.48343e-03	,	-4.47441e-07	,	5.96629e-05	,	-5.92301e-08	,	4.33886e-02	,	-2.97883e-05	,	4.49317e-02
259	,	1.48093e-03	,	-4.69741e-07	,	5.90791e-05	,	-5.55863e-08	,	4.33546e-02	,	-2.95750e-05	,	4.48946e-02
260	,	1.47841e-03	,	-4.93109e-07	,	5.85343e-05	,	-5.20051e-08	,	4.33213e-02	,	-2.93211e-05	,	4.48582e-02
261	,	1.47588e-03	,	-5.17670e-07	,	5.80306e-05	,	-4.85362e-08	,	4.32887e-02	,	-2.90467e-05	,	4.48226e-02
262	,	1.47333e-03	,	-5.43920e-07	,	5.75690e-05	,	-4.52498e-08	,	4.32567e-02	,	-2.87884e-05	,	4.47876e-02
263	,	1.47077e-03	,	-5.71873e-07	,	5.71507e-05	,	-4.21569e-08	,	4.32255e-02	,	-2.85509e-05	,	4.47534e-02
264	,	1.46820e-03	,	-6.00820e-07	,	5.67770e-05	,	-3.92202e-08	,	4.31949e-02	,	-2.83062e-05	,	4.47199e-02
265	,	1.46583e-03	,	-5.78673e-07	,	5.64731e-05	,	-3.37677e-08	,	4.31674e-02	,	-2.58612e-05	,	4.46897e-02
266	,	1.46324e-03	,	-6.56214e-07	,	5.61888e-05	,	-3.39234e-08	,	4.31382e-02	,	-2.77231e-05	,	4.46577e-02
267	,	1.46065e-03	,	-6.86540e-07	,	5.59515e-05	,	-3.14558e-08	,	4.31098e-02	,	-2.74479e-05	,	4.46264e-02
268	,	1.45804e-03	,	-7.17803e-07	,	5.57616e-05	,	-2.91650e-08	,	4.30821e-02	,	-2.71894e-05	,	4.45959e-02
269	,	1.45543e-03	,	-7.49907e-07	,	5.56196e-05	,	-2.70360e-08	,	4.30550e-02	,	-2.69451e-05	,	4.45660e-02
270	,	1.45280e-03	,	-7.82745e-07	,	5.55260e-05	,	-2.50544e-08	,	4.30286e-02	,	-2.67122e-05	,	4.45369e-02
271	,	1.45016e-03	,	-8.16208e-07	,	5.54815e-05	,	-2.32084e-08	,	4.30028e-02	,	-2.64885e-05	,	4.45084e-02
272	,	1.44750e-03	,	-8.50167e-07	,	5.54865e-05	,	-2.14844e-08	,	4.29777e-02	,	-2.62714e-05	,	4.44807e-02
273	,	1.44483e-03	,	-8.84473e-07	,	5.55416e-05	,	-1.98666e-08	,	4.29532e-02	,	-2.60574e-05	,	4.44535e-02
274	,	1.44215e-03	,	-9.19014e-07	,	5.56471e-05	,	-1.83398e-08	,	4.29293e-02	,	-2.58440e-05	,	4.44271e-02
275	,	1.43945e-03	,	-9.53709e-07	,	5.58036e-05	,	-1.68889e-08	,	4.29060e-02	,	-2.56287e-05	,	4.44013e-02
276	,	1.43674e-03	,	-9.88496e-07	,	5.60113e-05	,	-1.55018e-08	,	4.28834e-02	,	-2.54099e-05	,	4.43761e-02
277	,	1.43401e-03	,	-1.02331e-06	,	5.62707e-05	,	-1.41652e-08	,	4.28614e-02	,	-2.51858e-05	,	4.43517e-02
278	,	1.43128e-03	,	-1.05804e-06	,	5.65821e-05	,	-1.28645e-08	,	4.28401e-02	,	-2.49537e-05	,	4.43279e-02
279	,	1.42853e-03	,	-1.09255e-06	,	5.69460e-05	,	-1.15826e-08	,	4.28194e-02	,	-2.47112e-05	,	4.43048e-02
280	,	1.42576e-03	,	-1.12668e-06	,	5.73627e-05	,	-1.03027e-08	,	4.27993e-02	,	-2.44572e-05	,	4.42825e-02
281	,	1.42277e-03	,	-1.25242e-06	,	5.78707e-05	,	-9.58836e-09	,	4.27785e-02	,	-2.60296e-05	,	4.42592e-02
282	,	1.41999e-03	,	-1.19598e-06	,	5.83976e-05	,	-7.55844e-09	,	4.27599e-02	,	-2.38860e-05	,	4.42383e-02
283	,	1.41720e-03	,	-1.22847e-06	,	5.89777e-05	,	-6.14922e-09	,	4.27420e-02	,	-2.35847e-05	,	4.42182e-02
284	,	1.41440e-03	,	-1.26034e-06	,	5.96113e-05	,	-4.65951e-09	,	4.27249e-02	,	-2.32633e-05	,	4.41989e-02
285	,	1.41159e-03	,	-1.29145e-06	,	6.02986e-05	,	-3.07388e-09	,	4.27085e-02	,	-2.29200e-05	,	4.41804e-02
286	,	1.40878e-03	,	-1.32160e-06	,	6.10397e-05	,	-1.37035e-09	,	4.26928e-02	,	-2.25542e-05	,	4.41627e-02
287	,	1.40575e-03	,	-1.45699e-06	,	6.18983e-05	,	6.73463e-10	,	4.26769e-02	,	-2.38377e-05	,	4.41446e-02
288	,	1.40294e-03	,	-1.38071e-06	,	6.27519e-05	,	2.65681e-09	,	4.26630e-02	,	-2.17180e-05	,	4.41287e-02
289	,	1.40013e-03	,	-1.40740e-06	,	6.36600e-05	,	4.88675e-09	,	4.26500e-02	,	-2.12739e-05	,	4.41138e-02
290	,	1.39733e-03	,	-1.43283e-06	,	6.46226e-05	,	7.34011e-09	,	4.26378e-02	,	-2.07994e-05	,	4.40998e-02
291	,	1.39432e-03	,	-1.57092e-06	,	6.57206e-05	,	1.10492e-08	,	4.26258e-02	,	-2.18128e-05	,	4.40859e-02
292	,	1.39153e-03	,	-1.48107e-06	,	6.67971e-05	,	1.32509e-08	,	4.26157e-02	,	-1.97165e-05	,	4.40740e-02
293	,	1.38876e-03	,	-1.50088e-06	,	6.79278e-05	,	1.65247e-08	,	4.26065e-02	,	-1.91359e-05	,	4.40632e-02
294	,	1.38579e-03	,	-1.63712e-06	,	6.92060e-05	,	2.19712e-08	,	4.25978e-02	,	-1.98949e-05	,	4.40528e-02
295	,	1.38306e-03	,	-1.53617e-06	,	7.04492e-05	,	2.43575e-08	,	4.25909e-02	,	-1.78249e-05	,	4.40444e-02
296	,	1.38035e-03	,	-1.55046e-06	,	7.17468e-05	,	2.86850e-08	,	4.25851e-02	,	-1.71467e-05	,	4.40372e-02
297	,	1.37747e-03	,	-1.68415e-06	,	7.32051e-05	,	3.63872e-08	,	4.25801e-02	,	-1.76442e-05	,	4.40307e-02
298	,	1.37482e-03	,	-1.57411e-06	,	7.46160e-05	,	3.89611e-08	,	4.25766e-02	,	-1.56416e-05	,	4.40261e-02
299	,	1.37201e-03	,	-1.70491e-06	,	7.61965e-05	,	4.84991e-08	,	4.25743e-02	,	-1.59492e-05	,	4.40225e-02
300	,	1.36944e-03	,	-1.58917e-06	,	7.77208e-05	,	5.11495e-08	,	4.25734e-02	,	-1.40061e-05	,	4.40206e-02
301	,	1.36672e-03	,	-1.71593e-06	,	7.94232e-05	,	6.27628e-08	,	4.25739e-02	,	-1.41185e-05	,	4.40201e-02
302	,	1.36424e-03	,	-1.59462e-06	,	8.10603e-05	,	6.54251e-08	,	4.25757e-02	,	-1.22454e-05	,	4.40210e-02
303	,	1.36162e-03	,	-1.71586e-06	,	8.28834e-05	,	7.94077e-08	,	4.25792e-02	,	-1.21480e-05	,	4.40237e-02
304	,	1.35925e-03	,	-1.58913e-06	,	8.46316e-05	,	8.20358e-08	,	4.25838e-02	,	-1.03504e-05	,	4.40277e-02
305	,	1.35676e-03	,	-1.70346e-06	,	8.65731e-05	,	9.86639e-08	,	4.25904e-02	,	-1.00356e-05	,	4.40337e-02
306	,	1.35452e-03	,	-1.57189e-06	,	8.84295e-05	,	1.01098e-07	,	4.25980e-02	,	-8.33252e-06	,	4.40409e-02
307	,	1.35218e-03	,	-1.67786e-06	,	9.04848e-05	,	1.20584e-07	,	4.26078e-02	,	-7.79754e-06	,	4.40505e-02
308	,	1.34992e-03	,	-1.65893e-06	,	9.25967e-05	,	1.33038e-07	,	4.26193e-02	,	-6.58729e-06	,	4.40618e-02
309	,	1.34791e-03	,	-1.52062e-06	,	9.46062e-05	,	1.34900e-07	,	4.26316e-02	,	-5.04482e-06	,	4.40741e-02
310	,	1.34583e-03	,	-1.61047e-06	,	9.68201e-05	,	1.59199e-07	,	4.26465e-02	,	-4.15659e-06	,	4.40892e-02
311	,	1.34399e-03	,	-1.46811e-06	,	9.89192e-05	,	1.60464e-07	,	4.26620e-02	,	-2.72888e-06	,	4.41050e-02
312	,	1.34212e-03	,	-1.54473e-06	,	1.01223e-04	,	1.88198e-07	,	4.26805e-02	,	-1.59274e-06	,	4.41239e-02
313	,	1.34036e-03	,	-1.50323e-06	,	1.03567e-04	,	2.04314e-07	,	4.27009e-02	,	-2.10068e-07	,	4.41448e-02
314	,	1.33883e-03	,	-1.35543e-06	,	1.05774e-04	,	2.04214e-07	,	4.27215e-02	,	1.03039e-06	,	4.41661e-02
315	,	1.33731e-03	,	-1.40713e-06	,	1.08180e-04	,	2.37418e-07	,	4.27456e-02	,	2.57284e-06	,	4.41911e-02
316	,	1.33592e-03	,	-1.34818e-06	,	1.10608e-04	,	2.55576e-07	,	4.27717e-02	,	4.08299e-06	,	4.42182e-02
317	,	1.33468e-03	,	-1.28237e-06	,	1.13050e-04	,	2.74372e-07	,	4.27998e-02	,	5.64594e-06	,	4.42475e-02
318	,	1.33366e-03	,	-1.12778e-06	,	1.15322e-04	,	2.71457e-07	,	4.28278e-02	,	6.63874e-06	,	4.42767e-02
319	,	1.33271e-03	,	-1.13362e-06	,	1.17764e-04	,	3.12157e-07	,	4.28599e-02	,	8.83001e-06	,	4.43104e-02
