# i 	|	 medtot		|	 kedtot		|	 ptot 		|	 Etot
350	,	9262.22007	,	380.21453	,	1954.67268	,	11597.10728
351	,	9311.36097	,	452.37562	,	2013.60017	,	11777.33676
352	,	9358.22233	,	536.06547	,	2075.67098	,	11969.95879
353	,	9403.74561	,	636.82662	,	2143.78954	,	12184.36177
354	,	9447.19570	,	754.89960	,	2216.86999	,	12418.96529
355	,	9490.31375	,	895.18315	,	2296.84044	,	12682.33734
356	,	9530.87014	,	1053.36884	,	2380.49776	,	12964.73674
357	,	9570.80199	,	1237.33982	,	2471.49335	,	13279.63517
358	,	9609.32691	,	1444.53331	,	2568.14376	,	13622.00398
359	,	9646.59076	,	1679.80247	,	2672.61698	,	13999.01021
360	,	9682.32644	,	1932.41163	,	2780.65659	,	14395.39467
361	,	9720.01730	,	2210.78991	,	2896.76455	,	14827.57176
362	,	9760.99830	,	2507.27833	,	3018.71516	,	15286.99179
363	,	9808.97567	,	2825.67726	,	3149.13199	,	15783.78493
364	,	9864.65880	,	3150.56051	,	3282.72494	,	16297.94426
365	,	9932.75812	,	3491.94768	,	3424.89231	,	16849.59812
366	,	10013.90954	,	3841.42271	,	3572.93068	,	17428.26294
367	,	10109.75425	,	4205.88838	,	3729.88013	,	18045.52276
368	,	10215.57127	,	4566.56065	,	3889.51349	,	18671.64541
369	,	10333.23801	,	4939.25251	,	4058.10205	,	19330.59257
370	,	10460.24768	,	5326.14495	,	4235.89601	,	20022.28864
371	,	10587.12728	,	5712.78387	,	4415.99975	,	20715.91090
372	,	10715.06016	,	6114.88254	,	4605.40678	,	21435.34947
373	,	10838.19175	,	6524.82244	,	4800.65196	,	22163.66616
374	,	10954.93929	,	6943.26495	,	5001.80396	,	22900.00820
375	,	11064.84392	,	7381.64190	,	5213.01781	,	23659.50363
376	,	11166.02551	,	7825.56220	,	5426.42384	,	24418.01155
377	,	11265.59923	,	8299.64188	,	5654.60145	,	25219.84256
378	,	11368.26225	,	8778.33334	,	5885.25085	,	26031.84644
379	,	11484.12258	,	9276.59033	,	6127.10305	,	26887.81596
380	,	11608.36596	,	9780.21344	,	6375.72541	,	27764.30481
381	,	11742.75609	,	10286.06130	,	6631.07267	,	28659.89006
382	,	11891.18604	,	10802.72678	,	6897.89263	,	29591.80545
383	,	12044.30421	,	11310.89820	,	7166.35188	,	30521.55428
384	,	12207.82588	,	11840.54282	,	7451.38905	,	31499.75775
385	,	12381.26451	,	12353.71222	,	7737.89376	,	32472.87049
386	,	12569.98788	,	12860.22523	,	8036.22344	,	33466.43655
387	,	12770.46425	,	13348.64842	,	8341.28926	,	34460.40193
388	,	12983.05621	,	13819.95548	,	8658.56054	,	35461.57223
389	,	13219.84835	,	14301.07973	,	8982.37263	,	36503.30072
390	,	13483.42241	,	14772.38545	,	9312.58210	,	37568.38996
391	,	13765.53156	,	15235.90456	,	9648.86426	,	38650.30038
392	,	14050.93499	,	15697.19300	,	9997.14756	,	39745.27555
393	,	14329.21809	,	16160.73457	,	10351.73714	,	40841.68980
394	,	14650.84328	,	16666.83796	,	10718.80215	,	42036.48339
395	,	15003.95960	,	17184.97882	,	11092.08425	,	43281.02266
396	,	15363.79664	,	17716.12354	,	11471.43558	,	44551.35576
397	,	15734.09274	,	18244.87238	,	11856.70222	,	45835.66734
398	,	16126.41965	,	18788.23630	,	12254.45234	,	47169.10829
399	,	16536.57686	,	19341.55468	,	12664.50886	,	48542.64041
400	,	16945.78949	,	19885.02456	,	13073.20913	,	49904.02318
401	,	17344.59830	,	20454.44949	,	13493.28409	,	51292.33188
402	,	17765.68770	,	21065.73472	,	13925.22418	,	52756.64660
403	,	18222.69932	,	21725.49481	,	14361.82832	,	54310.02244
404	,	18670.32264	,	22393.17356	,	14802.35052	,	55865.84672
405	,	19081.71293	,	23091.16781	,	15246.62556	,	57419.50630
406	,	19438.78963	,	23840.23095	,	15701.98883	,	58981.00942
407	,	19783.92370	,	24617.50155	,	16168.72158	,	60570.14683
408	,	20071.47705	,	25408.09563	,	16639.73724	,	62119.30993
409	,	20316.37464	,	26293.20366	,	17115.24645	,	63724.82475
410	,	20546.85508	,	27265.93222	,	17595.06753	,	65407.85483
411	,	20857.89100	,	28380.12793	,	18086.25178	,	67324.27071
412	,	21174.86431	,	29568.70894	,	18588.77516	,	69332.34840
413	,	21453.53107	,	30659.59102	,	19095.38208	,	71208.50417
414	,	21761.36974	,	31555.31849	,	19605.57802	,	72922.26625
415	,	22163.69018	,	32298.95425	,	20118.49314	,	74581.13757
416	,	22640.61514	,	33020.38659	,	20641.88741	,	76302.88914
417	,	23198.63856	,	33813.06332	,	21175.51387	,	78187.21575
418	,	23743.74438	,	34600.80637	,	21708.96926	,	80053.52002
419	,	24345.36755	,	35488.16842	,	22245.81540	,	82079.35138
420	,	25027.59320	,	36340.37710	,	22785.66582	,	84153.63612
421	,	25665.88112	,	37159.90224	,	23336.80346	,	86162.58682
422	,	26275.71223	,	37908.23556	,	23892.61970	,	88076.56749
423	,	26534.86877	,	38612.22784	,	24452.92554	,	89600.02214
424	,	26622.72316	,	39378.14990	,	25014.45142	,	91015.32448
425	,	26603.64929	,	40199.50937	,	25577.40220	,	92380.56086
426	,	26512.15299	,	41021.45010	,	26113.96918	,	93647.57227
427	,	26417.04071	,	41800.93610	,	26619.40477	,	94837.38158
428	,	26295.03955	,	42484.91343	,	27072.88717	,	95852.84015
429	,	26175.64727	,	43302.30359	,	27471.17595	,	96949.12681
430	,	26193.98705	,	44302.42398	,	27816.95872	,	98313.36975
431	,	26316.54594	,	45415.16783	,	28120.71188	,	99852.42565
432	,	26579.65602	,	46554.67352	,	28412.30071	,	101546.63025
433	,	26959.47980	,	47550.16506	,	28694.63941	,	103204.28427
434	,	27349.69479	,	48231.51941	,	28973.07031	,	104554.28451
435	,	27816.05025	,	48671.29062	,	29236.11022	,	105723.45109
436	,	28226.46045	,	49208.32030	,	29503.14025	,	106937.92100
437	,	28675.97178	,	49988.45391	,	29781.57278	,	108445.99847
438	,	29168.16865	,	50906.59704	,	30077.12745	,	110151.89314
439	,	29569.40039	,	51772.56682	,	30372.44980	,	111714.41700
440	,	29773.51119	,	52658.34475	,	30651.99277	,	113083.84871
441	,	29964.47282	,	53562.89714	,	30930.11571	,	114457.48566
442	,	30205.23111	,	54387.66524	,	31234.90289	,	115827.79924
443	,	30379.90303	,	55180.10257	,	31557.55030	,	117117.55590
444	,	30602.52609	,	55994.34734	,	31894.88860	,	118491.76204
445	,	30864.39605	,	56646.74870	,	32230.78979	,	119741.93453
446	,	31319.24038	,	57164.86146	,	32553.17310	,	121037.27494
447	,	31851.07755	,	57240.88946	,	32871.37634	,	121963.34335
448	,	32408.90787	,	57009.59119	,	33206.71213	,	122625.21118
449	,	33242.57265	,	56493.90200	,	33578.28006	,	123314.75471
450	,	33839.80850	,	56100.69029	,	33978.83191	,	123919.33070
451	,	34726.56643	,	56235.20262	,	34419.77784	,	125381.54689
452	,	35536.98608	,	56511.45108	,	34873.14586	,	126921.58302
453	,	36357.50257	,	57159.44625	,	35327.34148	,	128844.29030
454	,	37176.02462	,	58058.79428	,	35780.90473	,	131015.72363
455	,	38039.21725	,	59028.85791	,	36255.88765	,	133323.96282
456	,	38748.70337	,	60094.25528	,	36757.78273	,	135600.74138
457	,	39355.25932	,	61488.74680	,	37316.53418	,	138160.54030
458	,	39987.52696	,	62847.23141	,	37948.65450	,	140783.41287
459	,	40696.71825	,	64326.78816	,	38630.41795	,	143653.92437
460	,	41352.57818	,	65929.61622	,	39323.90010	,	146606.09451
461	,	42238.24506	,	67162.34103	,	40011.24886	,	149411.83494
462	,	43236.32700	,	67965.98407	,	40740.90251	,	151943.21358
463	,	44331.59201	,	68009.57580	,	41473.41191	,	153814.57973
464	,	45347.05056	,	67345.21239	,	42118.99508	,	154811.25803
465	,	46151.74490	,	66706.28123	,	42686.26102	,	155544.28715
466	,	46939.86015	,	65883.89419	,	43187.17610	,	156010.93043
467	,	47710.80696	,	65897.13447	,	43615.95906	,	157223.90049
468	,	48663.16491	,	66516.01135	,	43977.67014	,	159156.84641
469	,	49780.16261	,	67226.40013	,	44324.51425	,	161331.07700
470	,	50931.22785	,	67484.11580	,	44518.45143	,	162933.79507
471	,	51985.98683	,	67772.72088	,	44623.96040	,	164382.66811
472	,	53617.84111	,	68635.37059	,	44860.07448	,	167113.28618
473	,	55871.15766	,	70320.04773	,	45222.65490	,	171413.86030
474	,	58664.67524	,	73677.24626	,	45866.60987	,	178208.53138
475	,	60621.66775	,	76962.02609	,	46596.08875	,	184179.78259
476	,	61396.75687	,	80585.86434	,	47238.30754	,	189220.92876
477	,	61777.05257	,	86074.70380	,	47776.10092	,	195627.85729
478	,	63058.27268	,	91681.35157	,	48316.31850	,	203055.94275
479	,	64445.24368	,	94584.81984	,	48719.54727	,	207749.61079
480	,	65608.81609	,	98007.73155	,	49314.89756	,	212931.44520
481	,	66197.92270	,	104289.28576	,	50120.12024	,	220607.32871
482	,	66772.71949	,	108454.80518	,	50829.42895	,	226056.95362
483	,	65621.41623	,	110153.96348	,	51371.01158	,	227146.39130
484	,	63785.55844	,	109045.08836	,	51545.79247	,	224376.43927
485	,	63632.00906	,	105685.71577	,	51458.13652	,	220775.86135
486	,	64223.89649	,	99251.42810	,	51129.62192	,	214604.94651
487	,	65521.45939	,	94538.79207	,	50359.84008	,	210420.09154
488	,	67143.34634	,	93522.22288	,	49183.73921	,	209849.30842
489	,	68772.98708	,	94251.21649	,	47624.44452	,	210648.64809
490	,	69799.02951	,	96724.70792	,	46299.63250	,	212823.36992
491	,	70477.78330	,	96580.13069	,	45382.67958	,	212440.59357
492	,	71692.71586	,	92010.85268	,	44747.65151	,	208451.22005
493	,	73019.72047	,	86879.12394	,	44331.91591	,	204230.76031
494	,	74774.30324	,	86260.32987	,	44421.06727	,	205455.70039
495	,	76998.02918	,	89620.48312	,	44552.05062	,	211170.56292
496	,	77201.98917	,	95893.46516	,	44454.72303	,	217550.17737
497	,	75819.80993	,	103062.25808	,	44377.32600	,	223259.39401
498	,	73918.17606	,	108651.57123	,	44196.67984	,	226766.42713
499	,	72303.31650	,	113514.29205	,	43972.65297	,	229790.26151
500	,	70454.31603	,	118271.07959	,	43861.07850	,	232586.47411
501	,	68605.87318	,	120513.41114	,	43339.81114	,	232459.09547
502	,	66620.46053	,	120650.09080	,	42375.09480	,	229645.64613
503	,	64665.09788	,	119971.66634	,	40818.57587	,	225455.34008
504	,	63675.33512	,	121211.11588	,	38949.39113	,	223835.84213
505	,	63002.06991	,	124327.05186	,	36781.98632	,	224111.10809
506	,	62156.37347	,	127464.51050	,	34211.97274	,	223832.85670
507	,	60429.38883	,	128386.74004	,	31148.16545	,	219964.29432
