# i 	|		 MEtot	|	 dMEtot 	|	 KEtot	|	 dKEtot 	|	 Pdvtot 	|	 dTEtot 	|	 Etot
350	,	5.97466e-05	,	6.14868e-09	,	2.65273e-06	,	3.09271e-09	,	7.43288e-06	,	7.02148e-10	,	6.98322e-05
351	,	6.00509e-05	,	6.13087e-09	,	3.00606e-06	,	3.32352e-09	,	7.57152e-06	,	6.99809e-10	,	7.06285e-05
352	,	6.03405e-05	,	6.19177e-09	,	3.39111e-06	,	3.54201e-09	,	7.71337e-06	,	6.98976e-10	,	7.14450e-05
353	,	6.06283e-05	,	6.30855e-09	,	3.82722e-06	,	3.75954e-09	,	7.86475e-06	,	6.99239e-10	,	7.23203e-05
354	,	6.09087e-05	,	6.51497e-09	,	4.30874e-06	,	3.97762e-09	,	8.02279e-06	,	7.03449e-10	,	7.32403e-05
355	,	6.11880e-05	,	6.69795e-09	,	4.84936e-06	,	4.19869e-09	,	8.19117e-06	,	7.06286e-10	,	7.42286e-05
356	,	6.14546e-05	,	6.84832e-09	,	5.42790e-06	,	4.40830e-09	,	8.36298e-06	,	7.07083e-10	,	7.52455e-05
357	,	6.17181e-05	,	6.95489e-09	,	6.06973e-06	,	4.62048e-09	,	8.54560e-06	,	7.06098e-10	,	7.63334e-05
358	,	6.19737e-05	,	7.02244e-09	,	6.76296e-06	,	4.82775e-09	,	8.73554e-06	,	7.02832e-10	,	7.74722e-05
359	,	6.22283e-05	,	7.03582e-09	,	7.52227e-06	,	5.04987e-09	,	8.93710e-06	,	6.98990e-10	,	7.86877e-05
360	,	6.24727e-05	,	7.11771e-09	,	8.31413e-06	,	5.26823e-09	,	9.14213e-06	,	6.98214e-10	,	7.99290e-05
361	,	6.27205e-05	,	7.33359e-09	,	9.16760e-06	,	5.48763e-09	,	9.35930e-06	,	7.02218e-10	,	8.12474e-05
362	,	6.29696e-05	,	7.59171e-09	,	1.00621e-05	,	5.70971e-09	,	9.58450e-06	,	7.08345e-10	,	8.26162e-05
363	,	6.32268e-05	,	7.70960e-09	,	1.10127e-05	,	5.93676e-09	,	9.82259e-06	,	7.07871e-10	,	8.40620e-05
364	,	6.34878e-05	,	7.67007e-09	,	1.19772e-05	,	6.16047e-09	,	1.00641e-05	,	6.99637e-10	,	8.55291e-05
365	,	6.37702e-05	,	7.31546e-09	,	1.29901e-05	,	6.38877e-09	,	1.03190e-05	,	6.76484e-10	,	8.70794e-05
366	,	6.40743e-05	,	6.80290e-09	,	1.40293e-05	,	6.61561e-09	,	1.05825e-05	,	6.45852e-10	,	8.86862e-05
367	,	6.44133e-05	,	6.86416e-09	,	1.51159e-05	,	6.86856e-09	,	1.08603e-05	,	6.41600e-10	,	9.03894e-05
368	,	6.47758e-05	,	6.61954e-09	,	1.62007e-05	,	7.12418e-09	,	1.11413e-05	,	6.25409e-10	,	9.21179e-05
369	,	6.51783e-05	,	5.85115e-09	,	1.73293e-05	,	7.37349e-09	,	1.14369e-05	,	5.84843e-10	,	9.39445e-05
370	,	6.56217e-05	,	8.81258e-09	,	1.85053e-05	,	7.64924e-09	,	1.17475e-05	,	7.05039e-10	,	9.58745e-05
371	,	6.60828e-05	,	7.96322e-09	,	1.96837e-05	,	7.89720e-09	,	1.20611e-05	,	6.60962e-10	,	9.78276e-05
372	,	6.65753e-05	,	1.10240e-08	,	2.09111e-05	,	8.15506e-09	,	1.23899e-05	,	7.83032e-10	,	9.98763e-05
373	,	6.70810e-05	,	1.26482e-08	,	2.21638e-05	,	8.43468e-09	,	1.27276e-05	,	8.47145e-10	,	1.01972e-04
374	,	6.75887e-05	,	1.39019e-08	,	2.34426e-05	,	8.71609e-09	,	1.30741e-05	,	8.95048e-10	,	1.04105e-04
375	,	6.80930e-05	,	1.61292e-08	,	2.47780e-05	,	8.88368e-09	,	1.34362e-05	,	9.72117e-10	,	1.06307e-04
376	,	6.85674e-05	,	1.72079e-08	,	2.61226e-05	,	9.24596e-09	,	1.37999e-05	,	1.01999e-09	,	1.08490e-04
377	,	6.90353e-05	,	1.72041e-08	,	2.75529e-05	,	9.47268e-09	,	1.41865e-05	,	1.00732e-09	,	1.10775e-04
378	,	6.94747e-05	,	1.62049e-08	,	2.89909e-05	,	9.56475e-09	,	1.45748e-05	,	9.43463e-10	,	1.13040e-04
379	,	6.99135e-05	,	1.40362e-08	,	3.04857e-05	,	9.95815e-09	,	1.49793e-05	,	8.51469e-10	,	1.15379e-04
380	,	7.03484e-05	,	1.16124e-08	,	3.20021e-05	,	1.01154e-08	,	1.53930e-05	,	7.32855e-10	,	1.17743e-04
381	,	7.07913e-05	,	6.51811e-09	,	3.35336e-05	,	1.01131e-08	,	1.58158e-05	,	4.92632e-10	,	1.20141e-04
382	,	7.12658e-05	,	5.57371e-09	,	3.51057e-05	,	1.04397e-08	,	1.62559e-05	,	4.49721e-10	,	1.22627e-04
383	,	7.17541e-05	,	6.60626e-10	,	3.66591e-05	,	1.05788e-08	,	1.66973e-05	,	2.32187e-10	,	1.25111e-04
384	,	7.22845e-05	,	1.26517e-09	,	3.82810e-05	,	1.06384e-08	,	1.71645e-05	,	2.21785e-10	,	1.27730e-04
385	,	7.28422e-05	,	-2.56850e-09	,	3.98685e-05	,	1.09402e-08	,	1.76326e-05	,	7.28470e-11	,	1.30343e-04
386	,	7.34394e-05	,	-9.19717e-10	,	4.14655e-05	,	1.10834e-08	,	1.81184e-05	,	1.20185e-10	,	1.33023e-04
387	,	7.40575e-05	,	-1.08719e-09	,	4.30395e-05	,	1.08987e-08	,	1.86133e-05	,	8.47607e-11	,	1.35710e-04
388	,	7.46973e-05	,	4.94778e-09	,	4.46065e-05	,	1.16270e-08	,	1.91259e-05	,	3.53116e-10	,	1.38430e-04
389	,	7.53807e-05	,	4.27741e-09	,	4.61930e-05	,	1.13520e-08	,	1.96474e-05	,	2.94303e-10	,	1.41221e-04
390	,	7.61127e-05	,	1.08428e-08	,	4.77683e-05	,	1.17525e-08	,	2.01774e-05	,	5.46528e-10	,	1.44058e-04
391	,	7.68948e-05	,	1.08287e-08	,	4.93352e-05	,	1.19237e-08	,	2.07160e-05	,	5.40666e-10	,	1.46946e-04
392	,	7.77060e-05	,	1.56151e-08	,	5.09171e-05	,	1.14948e-08	,	2.12727e-05	,	6.57854e-10	,	1.49896e-04
393	,	7.85044e-05	,	1.72445e-08	,	5.25023e-05	,	1.27004e-08	,	2.18377e-05	,	7.77503e-10	,	1.52844e-04
394	,	7.93618e-05	,	1.33184e-08	,	5.41717e-05	,	1.24865e-08	,	2.24206e-05	,	6.04276e-10	,	1.55954e-04
395	,	8.02537e-05	,	1.41769e-08	,	5.58602e-05	,	1.18459e-08	,	2.30115e-05	,	5.47134e-10	,	1.59125e-04
396	,	8.11510e-05	,	1.61889e-08	,	5.75724e-05	,	1.26966e-08	,	2.36103e-05	,	6.69377e-10	,	1.62334e-04
397	,	8.20641e-05	,	1.32661e-08	,	5.92824e-05	,	1.18420e-08	,	2.42169e-05	,	4.75871e-10	,	1.65563e-04
398	,	8.29582e-05	,	2.04504e-08	,	6.10249e-05	,	1.26546e-08	,	2.48403e-05	,	7.62222e-10	,	1.68823e-04
399	,	8.39466e-05	,	1.62129e-08	,	6.28013e-05	,	1.23670e-08	,	2.54828e-05	,	5.38007e-10	,	1.72231e-04
400	,	8.49717e-05	,	1.85451e-08	,	6.45443e-05	,	1.36584e-08	,	2.61225e-05	,	6.82756e-10	,	1.75638e-04
401	,	8.60643e-05	,	1.70815e-08	,	6.63383e-05	,	1.33644e-08	,	2.67802e-05	,	6.02918e-10	,	1.79183e-04
402	,	8.72403e-05	,	1.48466e-08	,	6.82043e-05	,	1.42329e-08	,	2.74558e-05	,	5.29547e-10	,	1.82900e-04
403	,	8.85161e-05	,	3.90970e-09	,	7.01386e-05	,	1.22653e-08	,	2.81380e-05	,	-3.08787e-11	,	1.86793e-04
404	,	8.98488e-05	,	-4.80071e-09	,	7.20766e-05	,	1.26536e-08	,	2.88265e-05	,	-3.08070e-10	,	1.90752e-04
405	,	9.12016e-05	,	-1.04405e-08	,	7.40512e-05	,	1.38878e-08	,	2.95205e-05	,	-4.47732e-10	,	1.94773e-04
406	,	9.25151e-05	,	-7.24991e-09	,	7.61095e-05	,	1.34640e-08	,	3.02312e-05	,	-3.89538e-10	,	1.98856e-04
407	,	9.38070e-05	,	2.77417e-09	,	7.82232e-05	,	1.40682e-08	,	3.09586e-05	,	-2.28925e-11	,	2.02989e-04
408	,	9.49596e-05	,	1.39471e-08	,	8.03638e-05	,	1.51307e-08	,	3.16911e-05	,	4.77185e-10	,	2.07014e-04
409	,	9.59954e-05	,	9.82041e-09	,	8.26486e-05	,	1.44919e-08	,	3.24282e-05	,	2.82123e-10	,	2.11072e-04
410	,	9.69649e-05	,	5.63356e-09	,	8.50613e-05	,	1.21633e-08	,	3.31695e-05	,	-1.72695e-11	,	2.15196e-04
411	,	9.80516e-05	,	6.46354e-09	,	8.77032e-05	,	1.16861e-08	,	3.39268e-05	,	-1.27829e-10	,	2.19682e-04
412	,	9.92079e-05	,	1.14352e-08	,	9.04685e-05	,	1.27805e-08	,	3.47012e-05	,	1.06389e-10	,	2.24378e-04
413	,	1.00400e-04	,	2.28387e-08	,	9.30701e-05	,	1.44922e-08	,	3.54814e-05	,	6.89976e-10	,	2.28952e-04
414	,	1.01694e-04	,	2.02956e-08	,	9.53595e-05	,	1.70706e-08	,	3.62667e-05	,	7.55742e-10	,	2.33320e-04
415	,	1.03202e-04	,	2.76302e-08	,	9.74137e-05	,	1.31114e-08	,	3.70569e-05	,	7.15183e-10	,	2.37672e-04
416	,	1.04891e-04	,	1.09669e-08	,	9.94375e-05	,	1.31826e-08	,	3.78630e-05	,	1.17698e-10	,	2.42191e-04
417	,	1.06822e-04	,	1.70930e-09	,	1.01567e-04	,	1.06651e-08	,	3.86846e-05	,	-2.79329e-10	,	2.47075e-04
418	,	1.08873e-04	,	1.28840e-08	,	1.03691e-04	,	1.17531e-08	,	3.95078e-05	,	4.53954e-11	,	2.52072e-04
419	,	1.11189e-04	,	3.93410e-08	,	1.05976e-04	,	1.21498e-08	,	4.03384e-05	,	8.55011e-10	,	2.57504e-04
420	,	1.13732e-04	,	6.76990e-08	,	1.08205e-04	,	1.46233e-08	,	4.11737e-05	,	1.92713e-09	,	2.63110e-04
421	,	1.16195e-04	,	1.07889e-07	,	1.10406e-04	,	1.51364e-08	,	4.20247e-05	,	3.14811e-09	,	2.68625e-04
422	,	1.18586e-04	,	1.02292e-07	,	1.12509e-04	,	1.48071e-08	,	4.28797e-05	,	3.01587e-09	,	2.73974e-04
423	,	1.20626e-04	,	8.29844e-08	,	1.14556e-04	,	1.49736e-08	,	4.37402e-05	,	2.41536e-09	,	2.78922e-04
424	,	1.22614e-04	,	5.32204e-08	,	1.16688e-04	,	1.67176e-08	,	4.46053e-05	,	1.62651e-09	,	2.83907e-04
425	,	1.24447e-04	,	-7.89580e-09	,	1.18902e-04	,	1.05027e-08	,	4.54870e-05	,	-4.91588e-10	,	2.88836e-04
426	,	1.26060e-04	,	-8.19518e-08	,	1.21100e-04	,	1.33582e-08	,	4.63637e-05	,	-2.37828e-09	,	2.93524e-04
427	,	1.27694e-04	,	-1.24110e-07	,	1.23256e-04	,	9.32711e-09	,	4.72568e-05	,	-3.62675e-09	,	2.98207e-04
428	,	1.29249e-04	,	-1.03409e-07	,	1.25288e-04	,	1.05892e-08	,	4.81552e-05	,	-2.98365e-09	,	3.02692e-04
429	,	1.30551e-04	,	-3.22013e-08	,	1.27559e-04	,	1.65222e-08	,	4.90601e-05	,	-6.13769e-10	,	3.07170e-04
430	,	1.31701e-04	,	3.38257e-08	,	1.30215e-04	,	1.77333e-08	,	4.99808e-05	,	1.29380e-09	,	3.11897e-04
431	,	1.32798e-04	,	4.56965e-08	,	1.33176e-04	,	1.85772e-08	,	5.08984e-05	,	1.49335e-09	,	3.16872e-04
432	,	1.34184e-04	,	1.56701e-08	,	1.36306e-04	,	1.75682e-08	,	5.18390e-05	,	5.15397e-10	,	3.22329e-04
433	,	1.35933e-04	,	-3.00426e-08	,	1.39163e-04	,	1.72010e-08	,	5.27700e-05	,	-7.86941e-10	,	3.27865e-04
434	,	1.37961e-04	,	-8.68451e-08	,	1.41565e-04	,	1.14151e-08	,	5.37258e-05	,	-2.66073e-09	,	3.33251e-04
435	,	1.40286e-04	,	-9.70110e-08	,	1.43592e-04	,	1.84238e-09	,	5.46840e-05	,	-3.55803e-09	,	3.38562e-04
436	,	1.42620e-04	,	-6.48604e-08	,	1.45646e-04	,	2.57091e-09	,	5.56517e-05	,	-2.68330e-09	,	3.43917e-04
437	,	1.44923e-04	,	8.56870e-09	,	1.47957e-04	,	5.44840e-09	,	5.66179e-05	,	-9.39950e-10	,	3.49498e-04
438	,	1.47161e-04	,	6.53535e-08	,	1.50461e-04	,	2.24755e-08	,	5.75945e-05	,	9.80912e-10	,	3.55217e-04
439	,	1.49347e-04	,	9.95528e-08	,	1.52964e-04	,	2.69492e-08	,	5.85833e-05	,	2.19963e-09	,	3.60895e-04
440	,	1.51430e-04	,	1.55683e-07	,	1.55550e-04	,	2.82030e-08	,	5.95729e-05	,	4.17252e-09	,	3.66553e-04
441	,	1.53641e-04	,	2.24996e-07	,	1.58085e-04	,	1.14766e-08	,	6.05611e-05	,	5.25344e-09	,	3.72287e-04
442	,	1.55998e-04	,	3.05875e-07	,	1.60477e-04	,	5.21959e-09	,	6.15605e-05	,	6.54561e-09	,	3.78036e-04
443	,	1.58157e-04	,	3.69363e-07	,	1.62696e-04	,	1.00807e-08	,	6.25573e-05	,	7.88563e-09	,	3.83410e-04
444	,	1.60285e-04	,	3.93020e-07	,	1.64853e-04	,	-2.41974e-08	,	6.35687e-05	,	6.28282e-09	,	3.88707e-04
445	,	1.62349e-04	,	3.58772e-07	,	1.66757e-04	,	1.70702e-09	,	6.45772e-05	,	6.71061e-09	,	3.93683e-04
446	,	1.64595e-04	,	3.35519e-07	,	1.68606e-04	,	-3.84177e-08	,	6.55945e-05	,	4.64177e-09	,	3.98796e-04
447	,	1.66920e-04	,	2.93702e-07	,	1.70068e-04	,	1.29275e-08	,	6.66235e-05	,	7.13532e-09	,	4.03611e-04
448	,	1.69269e-04	,	2.37599e-07	,	1.71359e-04	,	3.60883e-08	,	6.76618e-05	,	6.47170e-09	,	4.08290e-04
449	,	1.72074e-04	,	1.84397e-07	,	1.72496e-04	,	5.40810e-09	,	6.87323e-05	,	3.47795e-09	,	4.13303e-04
450	,	1.74495e-04	,	1.53401e-07	,	1.73793e-04	,	7.03696e-08	,	6.97947e-05	,	6.06860e-09	,	4.18083e-04
451	,	1.77333e-04	,	1.47323e-07	,	1.75766e-04	,	6.41538e-08	,	7.08767e-05	,	5.20943e-09	,	4.23975e-04
452	,	1.80221e-04	,	1.25017e-07	,	1.77658e-04	,	6.51643e-08	,	7.19558e-05	,	4.20085e-09	,	4.29835e-04
453	,	1.83137e-04	,	8.77041e-08	,	1.79964e-04	,	2.90852e-08	,	7.30387e-05	,	1.25967e-09	,	4.36139e-04
454	,	1.85903e-04	,	1.20347e-08	,	1.82743e-04	,	-4.98272e-08	,	7.41316e-05	,	-3.47511e-09	,	4.42777e-04
455	,	1.88590e-04	,	-1.04282e-07	,	1.85668e-04	,	2.95885e-08	,	7.52334e-05	,	-1.46665e-09	,	4.49491e-04
456	,	1.90975e-04	,	-1.85990e-07	,	1.88761e-04	,	4.56927e-08	,	7.63368e-05	,	-2.05450e-09	,	4.56072e-04
457	,	1.93224e-04	,	-2.00769e-07	,	1.92189e-04	,	-6.11793e-08	,	7.74384e-05	,	-8.13765e-09	,	4.62852e-04
458	,	1.95560e-04	,	-1.79709e-07	,	1.95653e-04	,	-5.11919e-08	,	7.85575e-05	,	-6.89054e-09	,	4.69770e-04
459	,	1.97988e-04	,	-1.49063e-07	,	1.99446e-04	,	3.69209e-09	,	7.96899e-05	,	-3.22339e-09	,	4.77124e-04
460	,	2.00498e-04	,	-1.39437e-07	,	2.03423e-04	,	-1.94385e-07	,	8.08329e-05	,	-1.12137e-08	,	4.84754e-04
461	,	2.03569e-04	,	-1.60513e-07	,	2.06844e-04	,	-3.27801e-07	,	8.19862e-05	,	-1.67869e-08	,	4.92400e-04
462	,	2.07046e-04	,	-2.18735e-07	,	2.08666e-04	,	2.94587e-07	,	8.31216e-05	,	9.60916e-09	,	4.98834e-04
463	,	2.10601e-04	,	-2.70067e-07	,	2.09315e-04	,	8.34982e-07	,	8.42621e-05	,	2.85322e-08	,	5.04178e-04
464	,	2.13903e-04	,	-3.16131e-07	,	2.09897e-04	,	2.08192e-07	,	8.54377e-05	,	3.37610e-09	,	5.09238e-04
465	,	2.16947e-04	,	-3.77529e-07	,	2.10923e-04	,	-8.37263e-07	,	8.66102e-05	,	-4.44191e-08	,	5.14480e-04
466	,	2.20063e-04	,	-3.12690e-07	,	2.11052e-04	,	-2.75655e-07	,	8.77518e-05	,	-1.52417e-08	,	5.18867e-04
467	,	2.23035e-04	,	-2.39804e-07	,	2.09979e-04	,	-5.84171e-07	,	8.88276e-05	,	-2.63961e-08	,	5.21841e-04
468	,	2.26605e-04	,	-2.64401e-07	,	2.09779e-04	,	5.76087e-07	,	8.99098e-05	,	1.95093e-08	,	5.26294e-04
469	,	2.30045e-04	,	-4.10707e-07	,	2.12421e-04	,	1.36918e-06	,	9.10555e-05	,	5.88869e-08	,	5.33522e-04
470	,	2.34007e-04	,	-7.34872e-07	,	2.17473e-04	,	-4.68161e-07	,	9.22528e-05	,	-4.03461e-08	,	5.43732e-04
471	,	2.38037e-04	,	-1.17287e-06	,	2.24692e-04	,	1.32842e-06	,	9.34987e-05	,	3.01012e-08	,	5.56228e-04
472	,	2.42923e-04	,	-1.50365e-06	,	2.30265e-04	,	1.60817e-06	,	9.46755e-05	,	3.47499e-08	,	5.67863e-04
473	,	2.48065e-04	,	-1.37698e-06	,	2.34899e-04	,	-2.27000e-06	,	9.57781e-05	,	-1.17060e-07	,	5.78743e-04
474	,	2.53756e-04	,	-1.36744e-06	,	2.42431e-04	,	-2.63967e-06	,	9.69833e-05	,	-1.30964e-07	,	5.93170e-04
475	,	2.58208e-04	,	-1.52885e-06	,	2.50973e-04	,	9.47098e-07	,	9.82181e-05	,	1.95166e-08	,	6.07400e-04
476	,	2.60997e-04	,	-1.57776e-06	,	2.61064e-04	,	6.51936e-07	,	9.94072e-05	,	-3.25806e-09	,	6.21468e-04
477	,	2.63386e-04	,	-1.46829e-06	,	2.74101e-04	,	-5.45952e-07	,	1.00619e-04	,	-5.05549e-08	,	6.38106e-04
478	,	2.66530e-04	,	-1.27081e-06	,	2.91787e-04	,	-8.52818e-08	,	1.02018e-04	,	-2.81310e-08	,	6.60336e-04
479	,	2.69646e-04	,	-1.07529e-06	,	3.01422e-04	,	4.08842e-07	,	1.03197e-04	,	3.77512e-09	,	6.74265e-04
480	,	2.73491e-04	,	-1.35494e-06	,	3.04273e-04	,	-6.68304e-07	,	1.04215e-04	,	-4.45089e-08	,	6.81979e-04
481	,	2.77591e-04	,	-1.30147e-06	,	3.06600e-04	,	7.41831e-07	,	1.05247e-04	,	2.33663e-09	,	6.89438e-04
482	,	2.80287e-04	,	-1.12118e-06	,	3.12326e-04	,	1.46359e-06	,	1.06375e-04	,	1.83986e-08	,	6.98988e-04
483	,	2.80244e-04	,	-7.10350e-07	,	3.21411e-04	,	-1.15153e-07	,	1.07615e-04	,	-2.28590e-08	,	7.09270e-04
484	,	2.80244e-04	,	-1.05039e-06	,	3.30463e-04	,	-5.04379e-07	,	1.08907e-04	,	-3.53009e-08	,	7.19614e-04
485	,	2.82615e-04	,	-1.29760e-06	,	3.33501e-04	,	-1.45416e-06	,	1.10197e-04	,	-7.34496e-08	,	7.26313e-04
486	,	2.84671e-04	,	-1.05915e-06	,	3.25808e-04	,	-1.78444e-06	,	1.11423e-04	,	-7.67579e-08	,	7.21902e-04
487	,	2.87962e-04	,	-1.24578e-06	,	3.23492e-04	,	2.74022e-06	,	1.12707e-04	,	8.71598e-08	,	7.24162e-04
488	,	2.94606e-04	,	-1.36653e-06	,	3.25027e-04	,	5.76146e-07	,	1.13973e-04	,	-9.14535e-09	,	7.33606e-04
489	,	3.01644e-04	,	-7.84423e-07	,	3.27580e-04	,	-6.33537e-09	,	1.15186e-04	,	-1.39628e-08	,	7.44410e-04
490	,	3.06161e-04	,	6.56830e-08	,	3.28396e-04	,	-1.64808e-06	,	1.16329e-04	,	-5.96011e-08	,	7.50886e-04
491	,	3.06882e-04	,	9.46484e-07	,	3.27249e-04	,	-2.79697e-07	,	1.17611e-04	,	-6.15787e-08	,	7.51742e-04
492	,	3.06221e-04	,	1.45420e-06	,	3.19064e-04	,	-1.55269e-06	,	1.18727e-04	,	-4.29753e-07	,	7.44012e-04
493	,	3.06027e-04	,	1.17832e-06	,	3.06111e-04	,	-4.16210e-06	,	1.19428e-04	,	-5.67164e-07	,	7.31566e-04
494	,	3.06207e-04	,	8.46689e-07	,	2.98139e-04	,	-2.61308e-06	,	1.20242e-04	,	-3.60555e-07	,	7.24588e-04
495	,	3.07017e-04	,	4.85826e-07	,	2.96313e-04	,	-2.78402e-06	,	1.21189e-04	,	-3.02756e-07	,	7.24519e-04
496	,	3.07017e-04	,	3.44357e-07	,	3.00813e-04	,	-2.42860e-06	,	1.22098e-04	,	-4.03686e-07	,	7.29928e-04
497	,	3.05582e-04	,	4.46460e-07	,	3.07564e-04	,	-2.27152e-06	,	1.22904e-04	,	-6.04308e-07	,	7.36050e-04
498	,	3.01922e-04	,	9.23289e-07	,	3.14589e-04	,	-1.17188e-06	,	1.23558e-04	,	-7.00744e-07	,	7.40069e-04
499	,	2.98396e-04	,	9.89256e-07	,	3.20518e-04	,	-2.83243e-07	,	1.24169e-04	,	-4.32103e-07	,	7.43083e-04
500	,	2.95750e-04	,	4.69195e-07	,	3.26055e-04	,	-8.00335e-07	,	1.24997e-04	,	-2.16760e-07	,	7.46803e-04
501	,	2.94776e-04	,	5.74604e-08	,	3.30748e-04	,	-1.03729e-06	,	1.26120e-04	,	-1.00989e-08	,	7.51645e-04
502	,	2.94512e-04	,	-8.64573e-08	,	3.38234e-04	,	-2.15167e-06	,	1.27572e-04	,	2.35566e-07	,	7.60318e-04
503	,	2.95886e-04	,	-1.55983e-07	,	3.48262e-04	,	3.00413e-06	,	1.29403e-04	,	7.47237e-07	,	7.73551e-04
504	,	2.99403e-04	,	5.57815e-07	,	3.55994e-04	,	4.04297e-06	,	1.31356e-04	,	9.67399e-07	,	7.86753e-04
505	,	3.05192e-04	,	1.67074e-06	,	3.65941e-04	,	2.17710e-06	,	1.33258e-04	,	7.74731e-07	,	8.04390e-04
506	,	3.11974e-04	,	2.31728e-06	,	3.83402e-04	,	9.01746e-07	,	1.35138e-04	,	6.07913e-07	,	8.30515e-04
507	,	3.19373e-04	,	2.93588e-06	,	4.04264e-04	,	2.11379e-06	,	1.37043e-04	,	5.41484e-07	,	8.60680e-04
