# # T(K)   Free-Free Loss (erg cm^-3 s^-1)
1.000000000000000000e+04 3.850200000000000000e+12
1.096478196143185050e+04 4.031654335705573730e+12
1.202264434617413099e+04 4.221660350790491211e+12
1.318256738556407436e+04 4.420621073487297852e+12
1.445439770745928035e+04 4.628958526163963867e+12
1.584893192461114268e+04 4.847114620489904297e+12
1.737800828749376160e+04 5.075552094789878906e+12
1.905460717963247953e+04 5.314755495574028320e+12
2.089296130854040894e+04 5.565232205325971680e+12
2.290867652767774416e+04 5.827513518729090820e+12
2.511886431509582326e+04 6.102155769613782227e+12
2.754228703338168998e+04 6.389741511016098633e+12
3.019951720402019055e+04 6.690880750850848633e+12
3.311311214825914794e+04 7.006212245820162109e+12
3.630780547701017349e+04 7.336404856302097656e+12
3.981071705534977082e+04 7.682158965093184570e+12
4.365158322401665646e+04 8.044207963014228516e+12
4.786300923226390296e+04 8.423319804530573242e+12
5.248074602497733576e+04 8.820298636686486328e+12
5.754399373371577531e+04 9.235986504808847656e+12
6.309573444801942969e+04 9.671265138598193359e+12
6.918309709189376736e+04 1.012705782239560742e+13
7.585775750291851000e+04 1.060433135359261719e+13
8.317637711026724719e+04 1.110409809333806836e+13
9.120108393559114484e+04 1.162741811389185352e+13
1.000000000000002037e+05 1.217540144718030664e+13
1.096478196143187379e+05 1.274921043932273438e+13
1.202264434617415536e+05 1.335006221612338672e+13
1.318256738556410128e+05 1.397923126475845703e+13
1.445439770745931019e+05 1.463805213713426562e+13
1.584893192461117287e+05 1.532792228065076953e+13
1.737800828749379725e+05 1.605030500237487305e+13
1.905460717963252391e+05 1.680673257291089258e+13
2.089296130854045041e+05 1.759880947655194141e+13
2.290867652767779364e+05 1.842821581460624609e+13
2.511886431509587565e+05 1.929671086911726562e+13
2.754228703338174382e+05 2.020613683453677344e+13
3.019951720402024803e+05 2.115842272526628906e+13
3.311311214825921343e+05 2.215558846735525000e+13
3.630780547701024916e+05 2.319974918303495703e+13
3.981071705534985522e+05 2.429311967717643750e+13
4.365158322401674232e+05 2.543801913518850391e+13
4.786300923226400046e+05 2.663687604232094141e+13
5.248074602497743908e+05 2.789223333480731250e+13
5.754399373371590627e+05 2.920675379377368750e+13
6.309573444801955484e+05 3.058322569335434375e+13
6.918309709189390996e+05 3.202456871499509766e+13
7.585775750291867880e+05 3.353384014048908594e+13
8.317637711026741890e+05 3.511424133688130469e+13
9.120108393559133401e+05 3.676912454699739844e+13
1.000000000000004075e+06 3.850200000000007812e+13
1.096478196143189445e+06 4.031654335705581250e+13
1.202264434617417865e+06 4.221660350790499219e+13
1.318256738556412747e+06 4.420621073487307812e+13
1.445439770745933754e+06 4.628958526163972656e+13
1.584893192461120663e+06 4.847114620489913281e+13
1.737800828749383334e+06 5.075552094789889844e+13
1.905460717963255942e+06 5.314755495574039062e+13
2.089296130854049465e+06 5.565232205325982812e+13
2.290867652767783962e+06 5.827513518729103125e+13
2.511886431509592570e+06 6.102155769613794531e+13
2.754228703338180203e+06 6.389741511016112500e+13
3.019951720402031671e+06 6.690880750850862500e+13
3.311311214825927746e+06 7.006212245820175781e+13
3.630780547701032367e+06 7.336404856302114062e+13
3.981071705534993671e+06 7.682158965093201562e+13
4.365158322401682846e+06 8.044207963014243750e+13
4.786300923226409592e+06 8.423319804530590625e+13
5.248074602497754619e+06 8.820298636686504688e+13
5.754399373371601105e+06 9.235986504808868750e+13
6.309573444801968522e+06 9.671265138598214062e+13
6.918309709189404733e+06 1.012705782239562812e+14
7.585775750291882083e+06 1.060433135359263906e+14
8.317637711026759818e+06 1.110409809333809062e+14
9.120108393559152260e+06 1.162741811389187812e+14
1.000000000000006147e+07 1.217540144718033125e+14
1.096478196143191867e+07 1.274921043932276094e+14
1.202264434617420472e+07 1.335006221612341562e+14
1.318256738556415401e+07 1.397923126475848594e+14
1.445439770745936781e+07 1.463805213713429375e+14
1.584893192461123876e+07 1.532792228065080000e+14
1.737800828749386966e+07 1.605030500237490625e+14
1.905460717963260040e+07 1.680673257291092500e+14
2.089296130854053423e+07 1.759880947655197812e+14
2.290867652767788619e+07 1.842821581460628438e+14
2.511886431509597600e+07 1.929671086911730625e+14
2.754228703338185698e+07 2.020613683453681562e+14
3.019951720402037725e+07 2.115842272526633438e+14
3.311311214825934917e+07 2.215558846735529375e+14
3.630780547701039165e+07 2.319974918303500312e+14
3.981071705535001308e+07 2.429311967717649062e+14
4.365158322401691973e+07 2.543801913518855625e+14
4.786300923226419836e+07 2.663687604232099375e+14
5.248074602497765422e+07 2.789223333480737500e+14
5.754399373371613026e+07 2.920675379377374375e+14
6.309573444801981747e+07 3.058322569335440625e+14
6.918309709189419448e+07 3.202456871499516250e+14
7.585775750291897357e+07 3.353384014048915000e+14
8.317637711026775837e+07 3.511424133688138125e+14
9.120108393559171259e+07 3.676912454699747500e+14
1.000000000000008196e+08 3.850200000000016250e+14
1.096478196143191755e+08 4.031654335705586250e+14
1.202264434617422968e+08 4.221660350790508750e+14
1.318256738556420952e+08 4.420621073487321250e+14
1.445439770745939612e+08 4.628958526163983125e+14
1.584893192461123765e+08 4.847114620489918125e+14
1.737800828749390543e+08 5.075552094789900625e+14
1.905460717963267863e+08 5.314755495574055625e+14
2.089296130854057968e+08 5.565232205325994375e+14
2.290867652767788768e+08 5.827513518729108750e+14
2.511886431509602666e+08 6.102155769613806250e+14
2.754228703338196874e+08 6.389741511016132500e+14
3.019951720402044058e+08 6.690880750850876250e+14
3.311311214825934768e+08 7.006212245820182500e+14
3.630780547701047063e+08 7.336404856302127500e+14
3.981071705535018444e+08 7.682158965093225000e+14
4.365158322401701212e+08 8.044207963014260000e+14
4.786300923226419091e+08 8.423319804530598750e+14
5.248074602497776747e+08 8.820298636686522500e+14
5.754399373371636868e+08 9.235986504808897500e+14
6.309573444801993370e+08 9.671265138598231250e+14
6.918309709189418554e+08 1.012705782239563875e+15
7.585775750291912556e+08 1.060433135359266000e+15
8.317637711026810408e+08 1.110409809333812500e+15
9.120108393559190035e+08 1.162741811389190250e+15
1.000000000000008106e+09 1.217540144718034500e+15
