# i   	,	 medtot		,	 kedtot		,	 ptot 		,	 Etot
350	,	89113.74369	,	4001.94317	,	8340.24608	,	101455.93294
351	,	89543.46990	,	4425.06465	,	8457.20863	,	102425.74318
352	,	89951.11778	,	4874.35028	,	8575.45745	,	103400.92551
353	,	90355.28233	,	5370.86013	,	8700.22406	,	104426.36652
354	,	90748.17510	,	5906.56648	,	8829.06251	,	105483.80409
355	,	91138.66835	,	6495.24338	,	8964.91947	,	106598.83120
356	,	91511.10866	,	7113.07326	,	9102.19757	,	107726.37949
357	,	91882.30510	,	7786.57450	,	9246.79877	,	108915.67837
358	,	92244.92218	,	8502.82572	,	9395.90581	,	110143.65371
359	,	92606.79667	,	9277.07474	,	9552.82233	,	111436.69374
360	,	92953.39427	,	10075.75639	,	9711.18074	,	112740.33140
361	,	93300.87286	,	10929.24121	,	9877.62624	,	114107.74031
362	,	93645.53953	,	11818.18338	,	10048.97726	,	115512.70017
363	,	93996.60613	,	12758.93531	,	10228.92391	,	116984.46536
364	,	94343.42073	,	13711.38897	,	10410.31606	,	118465.12576
365	,	94704.24814	,	14711.18854	,	10600.60074	,	120016.03743
366	,	95074.81250	,	15737.16933	,	10796.13634	,	121608.11818
367	,	95466.16533	,	16810.56702	,	11001.00841	,	123277.74076
368	,	95866.66565	,	17885.16314	,	11207.21921	,	124959.04800
369	,	96294.24120	,	19005.13532	,	11423.01772	,	126722.39424
370	,	96753.81594	,	20173.33554	,	11648.76203	,	128575.91350
371	,	97229.01410	,	21343.97171	,	11875.78112	,	130448.76692
372	,	97737.93622	,	22562.57831	,	12112.93880	,	132413.45333
373	,	98267.33405	,	23805.06887	,	12355.75578	,	134428.15870
374	,	98811.32638	,	25071.14170	,	12604.13181	,	136486.59990
375	,	99373.55677	,	26388.50880	,	12862.94972	,	138625.01530
376	,	99929.75097	,	27708.52922	,	13122.30117	,	140760.58136
377	,	100505.24624	,	29106.92679	,	13397.15460	,	143009.32763
378	,	101062.16294	,	30506.99865	,	13672.22446	,	145241.38606
379	,	101620.97593	,	31957.85081	,	13957.72281	,	147536.54955
380	,	102167.19885	,	33428.26539	,	14248.42405	,	149843.88830
381	,	102704.83321	,	34913.68294	,	14544.29976	,	152162.81591
382	,	103246.95470	,	36440.46185	,	14850.84391	,	154538.26046
383	,	103777.51713	,	37951.22539	,	15156.93475	,	156885.67727
384	,	104329.57368	,	39530.35118	,	15479.68079	,	159339.60565
385	,	104891.31091	,	41083.16091	,	15802.08378	,	161776.55559
386	,	105481.59242	,	42655.50269	,	16135.74431	,	164272.83942
387	,	106088.50656	,	44216.36699	,	16474.82239	,	166779.69594
388	,	106722.46256	,	45784.44923	,	16825.38238	,	169332.29418
389	,	107392.93272	,	47366.95848	,	17181.31202	,	171941.20322
390	,	108103.81830	,	48944.07151	,	17542.50057	,	174590.39038
391	,	108848.90151	,	50516.74189	,	17908.75406	,	177274.39746
392	,	109621.71041	,	52111.44738	,	18286.61351	,	180019.77130
393	,	110390.21617	,	53708.30715	,	18669.26957	,	182767.79289
394	,	111211.31310	,	55370.20091	,	19063.41119	,	185644.92520
395	,	112017.34009	,	57044.26531	,	19461.70890	,	188523.31430
396	,	112861.64201	,	58732.54939	,	19865.07054	,	191459.26193
397	,	113730.61177	,	60420.94854	,	20273.23547	,	194424.79579
398	,	114624.43276	,	62142.19912	,	20692.78107	,	197459.41295
399	,	115548.43070	,	63892.97468	,	21123.78002	,	200565.18540
400	,	116485.91739	,	65608.81953	,	21551.92694	,	203646.66387
401	,	117468.09606	,	67366.49948	,	21991.29735	,	206825.89289
402	,	118512.41686	,	69182.98972	,	22442.31056	,	210137.71715
403	,	119636.13860	,	71044.78544	,	22897.68039	,	213578.60443
404	,	120827.32095	,	72906.75565	,	23357.13621	,	217091.21282
405	,	122067.83524	,	74785.00621	,	23820.23059	,	220673.07204
406	,	123323.69340	,	76722.71694	,	24294.48612	,	224340.89645
407	,	124611.77614	,	78699.01390	,	24779.84931	,	228090.63935
408	,	125855.41906	,	80685.67741	,	25268.74492	,	231809.84139
409	,	127050.96428	,	82758.48005	,	25760.73337	,	235570.17770
410	,	128205.18719	,	84910.15985	,	26255.28380	,	239370.63084
411	,	129418.11582	,	87218.38758	,	26759.72333	,	243396.22673
412	,	130647.10547	,	89611.69462	,	27274.18333	,	247532.98342
413	,	131858.85165	,	91898.77173	,	27791.53492	,	251549.15830
414	,	133127.04041	,	93985.32625	,	28311.82106	,	255424.18772
415	,	134538.39794	,	95920.42304	,	28835.04040	,	259293.86138
416	,	136126.16641	,	97845.44695	,	29369.32196	,	263340.93532
417	,	137882.18266	,	99853.77013	,	29913.93702	,	267649.88981
418	,	139762.41223	,	101848.57784	,	30459.67263	,	272070.66270
419	,	141847.52337	,	103942.33570	,	31009.93847	,	276799.79754
420	,	144135.87343	,	105990.80088	,	31563.31981	,	281689.99411
421	,	146461.63423	,	108019.31127	,	32127.63194	,	286608.57744
422	,	148834.90633	,	109977.45788	,	32695.68464	,	291508.04885
423	,	151032.92463	,	111895.64984	,	33267.97462	,	296196.54908
424	,	153169.02633	,	113869.87393	,	33842.88411	,	300881.78436
425	,	155175.56820	,	115905.73586	,	34427.74365	,	305509.04772
426	,	157020.72082	,	117929.87384	,	35008.75725	,	309959.35192
427	,	158848.93979	,	119935.60020	,	35599.59865	,	314384.13864
428	,	160544.78937	,	121846.24270	,	36191.96123	,	318582.99330
429	,	162053.02252	,	123888.99253	,	36787.49077	,	322729.50583
430	,	163499.68489	,	126169.76660	,	37393.49784	,	327062.94933
431	,	164868.60613	,	128626.29580	,	37996.01491	,	331490.91684
432	,	166291.80395	,	131197.56932	,	38610.78966	,	336100.16293
433	,	167815.13711	,	133601.62130	,	39217.75589	,	340634.51430
434	,	169511.92700	,	135730.87974	,	39840.39448	,	345083.20122
435	,	171487.24823	,	137610.06971	,	40465.11664	,	349562.43458
436	,	173627.81050	,	139520.77184	,	41098.42927	,	354247.01162
437	,	175908.17375	,	141598.57829	,	41733.08560	,	359239.83763
438	,	178291.75312	,	143790.53487	,	42376.18263	,	364458.47062
439	,	180691.94090	,	145953.42642	,	43027.02181	,	369672.38913
440	,	183028.11853	,	148143.13584	,	43678.35550	,	374849.60986
441	,	185475.18238	,	150289.18457	,	44329.78011	,	380094.14706
442	,	188085.41363	,	152322.46169	,	44988.00479	,	385395.88011
443	,	190659.12733	,	154317.75820	,	45648.35605	,	390625.24158
444	,	193301.40192	,	156402.34395	,	46324.14947	,	396027.89534
445	,	195885.08994	,	158464.19433	,	47003.91215	,	401353.19642
446	,	198522.35232	,	160515.75090	,	47687.63651	,	406725.73973
447	,	201093.35833	,	162274.37364	,	48373.93173	,	411741.66370
448	,	203495.69526	,	163825.44322	,	49058.68602	,	416379.82449
449	,	206010.01982	,	165085.55151	,	49752.25638	,	420847.82772
450	,	208329.20789	,	166431.35237	,	50441.06367	,	425201.62393
451	,	210995.31740	,	168228.91276	,	51143.77603	,	430368.00619
452	,	213629.31089	,	169994.95531	,	51845.65892	,	435469.92512
453	,	216305.76618	,	171990.27920	,	52548.42369	,	440844.46907
454	,	218947.28483	,	174316.28167	,	53259.14802	,	446522.71452
455	,	221566.01481	,	176869.30326	,	53980.87656	,	452416.19464
456	,	223946.11149	,	179599.32546	,	54704.51404	,	458249.95099
457	,	226208.67816	,	182764.32882	,	55438.04715	,	464411.05413
458	,	228519.70373	,	185603.31771	,	56168.69945	,	470291.72089
459	,	230892.20873	,	188118.25595	,	56886.71071	,	475897.17538
460	,	233238.36962	,	191034.97434	,	57624.03134	,	481897.37531
461	,	235837.15537	,	193819.04928	,	58368.02390	,	488024.22854
462	,	238655.88226	,	195770.42028	,	59103.70703	,	493530.00957
463	,	241635.03042	,	196286.89042	,	59815.32104	,	497737.24188
464	,	244579.39632	,	195537.54058	,	60503.78846	,	500620.72537
465	,	247406.52998	,	195866.36831	,	61234.27127	,	504507.16956
466	,	250457.61524	,	196810.13467	,	62005.41095	,	509273.16086
467	,	253701.30302	,	198642.30166	,	62811.59483	,	515155.19951
468	,	257391.15671	,	200613.17586	,	63594.46740	,	521598.79997
469	,	260833.20205	,	202548.43905	,	64332.23489	,	527713.87598
470	,	264550.24217	,	205293.14609	,	65066.99459	,	534910.38285
471	,	268189.02673	,	210447.96864	,	65865.45434	,	544502.44972
472	,	272417.49738	,	215332.46343	,	66658.63652	,	554408.59732
473	,	277244.17805	,	219578.88567	,	67400.58505	,	564223.64877
474	,	282694.34534	,	226618.26334	,	68240.55347	,	577553.16215
475	,	286930.96795	,	235235.56638	,	69130.82538	,	591297.35972
476	,	289646.74861	,	240946.73755	,	69843.82972	,	600437.31588
477	,	292032.73451	,	246100.67843	,	70505.90808	,	608639.32103
478	,	294552.15898	,	250754.89628	,	71164.03995	,	616471.09521
479	,	296621.46231	,	256520.65024	,	71910.37926	,	625052.49181
480	,	299163.34718	,	262583.41495	,	72706.22054	,	634452.98266
481	,	301694.11641	,	269563.74028	,	73538.79274	,	644796.64943
482	,	304002.11757	,	276883.11036	,	74371.01539	,	655256.24332
483	,	305653.05942	,	283244.97028	,	75178.59110	,	664076.62080
484	,	307652.63910	,	289436.87363	,	76022.79024	,	673112.30297
485	,	311695.75945	,	291619.73768	,	76856.15940	,	680171.65654
486	,	316533.08137	,	286815.99309	,	77652.71801	,	681001.79248
487	,	321630.10621	,	283695.15021	,	78422.77119	,	683748.02761
488	,	327921.10789	,	285890.23419	,	79268.69686	,	693080.03894
489	,	334946.54979	,	289647.94846	,	80099.11130	,	704693.60954
490	,	341608.41939	,	292781.75307	,	80903.87208	,	715294.04453
491	,	347019.66584	,	292168.79072	,	81723.55263	,	720912.00919
492	,	351383.76343	,	286113.92642	,	82511.85353	,	720009.54338
493	,	354121.87494	,	279007.29360	,	83275.18922	,	716404.35775
494	,	355542.55470	,	274321.17510	,	84023.07455	,	713886.80435
495	,	356524.82513	,	274080.00116	,	84804.46913	,	715409.29542
496	,	356710.29840	,	277282.84875	,	85552.09584	,	719545.24299
497	,	356117.42255	,	281329.89965	,	86290.48879	,	723737.81099
498	,	355530.72792	,	284893.83777	,	87055.49716	,	727480.06285
499	,	355053.33847	,	290240.75598	,	87866.10463	,	733160.19908