# i   	,	 medtot		,	 kedtot		,	 ptot 		,	 Etot
350	,	39155.55508	,	1738.49494	,	4871.21027	,	45765.26029
351	,	39354.94780	,	1970.04867	,	4962.06960	,	46287.06607
352	,	39544.77094	,	2222.39971	,	5055.03427	,	46822.20491
353	,	39733.38929	,	2508.20458	,	5154.24492	,	47395.83880
354	,	39917.14450	,	2823.77840	,	5257.81348	,	47998.73638
355	,	40100.19524	,	3178.07523	,	5368.16471	,	48646.43519
356	,	40274.87873	,	3557.22585	,	5480.76471	,	49312.86928
357	,	40447.56786	,	3977.86033	,	5600.44200	,	50025.87020
358	,	40615.07389	,	4432.17368	,	5724.92098	,	50772.16856
359	,	40781.94984	,	4929.79781	,	5857.01699	,	51568.76463
360	,	40942.12305	,	5448.75094	,	5991.38904	,	52382.26303
361	,	41104.51950	,	6008.07548	,	6133.71315	,	53246.30813
362	,	41267.75739	,	6594.30163	,	6281.29711	,	54143.35613
363	,	41436.29208	,	7217.27168	,	6437.33123	,	55090.89498
364	,	41607.36850	,	7849.36911	,	6595.62054	,	56052.35815
365	,	41792.45142	,	8513.20055	,	6762.67980	,	57068.33177
366	,	41991.75285	,	9194.22852	,	6935.37951	,	58121.36088
367	,	42213.87852	,	9906.35023	,	7117.38529	,	59237.61403
368	,	42451.47912	,	10617.31861	,	7301.56277	,	60370.36049
369	,	42715.24345	,	11356.92077	,	7495.27219	,	61567.43642
370	,	43005.83486	,	12127.62028	,	7698.83169	,	62832.28682
371	,	43308.02167	,	12899.94012	,	7904.35189	,	64112.31369
372	,	43630.79534	,	13704.28649	,	8119.81991	,	65454.90174
373	,	43962.20246	,	14525.24771	,	8341.16264	,	66828.61281
374	,	44294.90149	,	15363.36539	,	8568.25423	,	68226.52111
375	,	44625.41852	,	16238.50393	,	8805.52886	,	69669.45131
376	,	44936.33874	,	17119.69544	,	9043.91067	,	71099.94485
377	,	45242.97653	,	18057.06147	,	9297.28680	,	72597.32481
378	,	45530.96693	,	18999.50831	,	9551.73530	,	74082.21054
379	,	45818.49516	,	19979.12116	,	9816.86254	,	75614.47886
380	,	46103.51314	,	20972.87784	,	10087.94672	,	77164.33770
381	,	46393.79862	,	21976.54760	,	10365.05603	,	78735.40225
382	,	46704.76980	,	23006.84434	,	10653.48761	,	80365.10175
383	,	47024.79894	,	24024.93965	,	10942.73334	,	81992.47192
384	,	47372.37879	,	25087.81717	,	11248.89701	,	83709.09297
385	,	47737.85614	,	26128.24545	,	11555.69354	,	85421.79513
386	,	48129.25228	,	27174.82731	,	11874.08861	,	87178.16820
387	,	48534.34362	,	28206.37477	,	12198.41068	,	88939.12907
388	,	48953.60389	,	29233.31713	,	12534.36620	,	90721.28722
389	,	49401.47448	,	30273.02402	,	12876.09431	,	92550.59281
390	,	49881.19231	,	31305.41246	,	13223.47024	,	94410.07500
391	,	50393.78452	,	32332.31732	,	13576.43916	,	96302.54100
392	,	50925.40489	,	33369.05337	,	13941.27182	,	98235.73007
393	,	51448.62949	,	34407.88698	,	14311.52684	,	100168.04331
394	,	52010.56922	,	35501.94116	,	14693.58256	,	102206.09295
395	,	52595.04361	,	36608.55847	,	15080.79683	,	104284.39891
396	,	53183.14640	,	37730.64737	,	15473.23328	,	106387.02705
397	,	53781.50987	,	38851.30673	,	15870.76709	,	108503.58369
398	,	54367.49472	,	39993.26851	,	16279.33342	,	110640.09665
399	,	55015.26523	,	41157.42958	,	16700.38367	,	112873.07848
400	,	55687.07355	,	42299.72492	,	17119.62255	,	115106.42102
401	,	56403.12601	,	43475.49854	,	17550.66330	,	117429.28785
402	,	57173.78532	,	44698.35617	,	17993.40316	,	119865.54465
403	,	58009.89770	,	45966.01496	,	18440.54123	,	122416.45388
404	,	58883.32119	,	47236.14576	,	18891.70776	,	125011.17472
405	,	59769.86043	,	48530.19045	,	19346.56332	,	127646.61420
406	,	60630.72492	,	49879.11696	,	19812.34269	,	130322.18458
407	,	61477.36453	,	51264.35898	,	20289.00722	,	133030.73073
408	,	62232.72267	,	52667.20285	,	20769.07089	,	135668.99640
409	,	62911.51429	,	54164.60392	,	21252.16098	,	138328.27919
410	,	63546.89496	,	55745.78537	,	21737.95466	,	141030.63498
411	,	64259.07221	,	57477.14631	,	22234.29006	,	143970.50858
412	,	65016.92054	,	59289.46514	,	22741.76271	,	147048.14839
413	,	65798.41553	,	60994.44712	,	23253.09968	,	150045.96234
414	,	66646.14218	,	62494.80090	,	23767.71859	,	152908.66168
415	,	67634.13546	,	63841.02753	,	24285.59478	,	155760.75777
416	,	68741.16575	,	65167.32896	,	24813.89761	,	158722.39232
417	,	70007.17207	,	66563.23035	,	25352.34848	,	161922.75090
418	,	71351.24739	,	67954.90877	,	25891.81357	,	165197.96972
419	,	72869.07281	,	69452.51611	,	26436.15986	,	168757.74879
420	,	74535.19633	,	70912.99419	,	26983.58017	,	172431.77069
421	,	76149.45663	,	72355.55948	,	27541.30084	,	176046.31695
422	,	77716.51113	,	73733.70865	,	28101.66589	,	179551.88567
423	,	79053.43429	,	75075.49082	,	28665.54799	,	182794.47311
424	,	80356.05425	,	76472.38651	,	29232.53980	,	186060.98056
425	,	81557.86832	,	77923.43818	,	29810.38865	,	189291.69515
426	,	82614.91792	,	79363.95778	,	30384.90237	,	192363.77807
427	,	83685.30933	,	80777.28808	,	30970.21018	,	195432.80759
428	,	84704.30379	,	82109.02832	,	31558.99011	,	198372.32222
429	,	85557.83305	,	83597.00115	,	32152.00488	,	201306.83908
430	,	86311.77718	,	85337.61560	,	32755.42107	,	204404.81385
431	,	87030.40035	,	87278.09434	,	33356.76105	,	207665.25574
432	,	87938.68074	,	89329.49668	,	33973.22799	,	211241.40541
433	,	89084.81255	,	91201.65699	,	34583.37145	,	214869.84098
434	,	90414.08443	,	92775.83962	,	35209.73794	,	218399.66200
435	,	91937.86695	,	94104.29219	,	35837.73599	,	221879.89513
436	,	93467.47471	,	95450.31072	,	36471.91149	,	225389.69692
437	,	94976.48055	,	96965.31876	,	37105.09799	,	229046.89730
438	,	96443.24181	,	98606.41365	,	37745.11603	,	232794.77149
439	,	97876.27245	,	100246.69967	,	38393.16231	,	236516.13443
440	,	99241.38105	,	101941.26904	,	39041.68512	,	240224.33521
441	,	100690.02925	,	103602.46432	,	39689.33865	,	243981.83222
442	,	102234.86864	,	105170.43583	,	40344.32069	,	247749.62516
443	,	103649.67704	,	106624.41153	,	40997.53926	,	251271.62784
444	,	105044.59690	,	108037.92197	,	41660.39366	,	254742.91253
445	,	106396.83424	,	109285.63023	,	42321.32506	,	258003.78953
446	,	107868.83784	,	110497.92950	,	42988.02258	,	261354.78992
447	,	109392.36483	,	111455.99714	,	43662.39858	,	264510.76056
448	,	110932.34722	,	112301.75484	,	44342.82251	,	267576.92457
449	,	112770.30959	,	113047.20388	,	45044.43120	,	270861.94468
450	,	114356.99059	,	113897.06234	,	45740.62790	,	273994.68083
451	,	116216.62984	,	115189.74196	,	46449.73645	,	277856.10826
452	,	118109.85655	,	116429.83865	,	47156.95923	,	281696.65444
453	,	120020.45629	,	117941.27907	,	47866.63979	,	285828.37515
454	,	121833.30818	,	119762.46063	,	48582.87269	,	290178.64150
455	,	123594.03823	,	121679.54334	,	49304.96476	,	294578.54633
456	,	125157.06306	,	123706.44473	,	50028.10295	,	298891.61074
457	,	126631.15399	,	125953.24998	,	50750.02343	,	303334.42740
458	,	128161.93381	,	128223.20416	,	51483.41849	,	307868.55645
459	,	129753.35928	,	130709.21848	,	52225.58491	,	312688.16268
460	,	131398.46425	,	133315.48990	,	52974.62040	,	317688.57456
461	,	133410.95128	,	135557.54207	,	53730.49521	,	322698.98856
462	,	135689.77855	,	136751.61476	,	54474.55280	,	326915.94611
463	,	138019.30901	,	137176.96576	,	55222.03249	,	330418.30726
464	,	140183.65807	,	137557.86940	,	55992.43928	,	333733.96675
465	,	142178.31989	,	138230.28003	,	56760.87622	,	337169.47614
466	,	144220.32538	,	138315.07005	,	57508.99839	,	340044.39383
467	,	146168.13970	,	137611.57899	,	58214.07449	,	341993.79317
468	,	148507.73895	,	137480.92418	,	58923.31076	,	344911.97388
469	,	150762.28016	,	139212.51227	,	59674.13760	,	349648.93003
470	,	153358.52696	,	142523.19251	,	60458.80148	,	356340.52095
471	,	156000.05317	,	147254.04010	,	61275.31175	,	364529.40501
472	,	159201.72383	,	150906.17933	,	62046.51170	,	372154.41486
473	,	162572.08257	,	153943.61326	,	62769.13060	,	379284.82643
474	,	166301.26347	,	158879.70224	,	63558.95258	,	388739.91830
475	,	169219.37942	,	164477.86585	,	64368.19938	,	398065.44465
476	,	171046.90125	,	171090.70827	,	65147.50529	,	407285.11481
477	,	172612.35849	,	179634.54637	,	65941.93299	,	418188.83785
478	,	174673.33887	,	191225.74245	,	66858.81488	,	432757.89621
479	,	176714.98006	,	197539.72487	,	67631.45185	,	441886.15679
480	,	179235.10577	,	199408.46556	,	68298.23294	,	446941.80426
481	,	181922.10215	,	200933.40323	,	68974.45702	,	451829.96240
482	,	183688.74924	,	204686.13647	,	69713.79252	,	458088.67824
483	,	183660.93058	,	210640.15050	,	70526.34208	,	464827.42316
484	,	183660.74238	,	216572.48152	,	71373.09438	,	471606.31828
485	,	185214.34423	,	218563.52782	,	72218.47998	,	475996.35203
486	,	186562.27972	,	213521.67231	,	73021.88014	,	473105.83216
487	,	188718.89454	,	212003.99424	,	73863.81685	,	474586.70563
488	,	193072.66961	,	213010.01743	,	74693.50325	,	480776.19029
489	,	197685.09698	,	214682.91749	,	75488.32542	,	487856.33988
490	,	200645.78941	,	215217.63594	,	76237.21587	,	492100.64121
491	,	201118.08886	,	214465.85611	,	77077.40496	,	492661.34993
492	,	200685.14906	,	209101.53056	,	77808.94317	,	487595.62279
493	,	200557.95780	,	200613.15497	,	78268.26803	,	479439.38081
494	,	200675.87873	,	195388.21072	,	78801.83303	,	474865.92247
495	,	201206.56975	,	194191.56529	,	79422.66849	,	474820.80353
496	,	201206.38007	,	197141.04190	,	80018.18161	,	478365.60357
497	,	200266.34163	,	201564.84955	,	80546.53809	,	482377.72926
498	,	197867.70101	,	206169.05707	,	80975.03235	,	485011.79043
499	,	195557.07955	,	210054.53058	,	81375.30685	,	486986.91698
